Date,Open,High,Low,Close,Volume,Dividends,Stock Splits
2012-07-10 00:00:00-04:00,3.97619,3.99946,3.84041,3.88309,2104600,0.0,0.0
2012-07-11 00:00:00-04:00,3.918,3.918,3.84041,3.87921,307400,0.0,0.0
2012-07-12 00:00:00-04:00,3.87921,3.93739,3.85981,3.91024,177800,0.0,0.0
2012-07-13 00:00:00-04:00,3.90636,3.95679,3.87145,3.94127,95400,0.0,0.0
2012-07-16 00:00:00-04:00,3.88697,3.91412,3.88309,3.90636,109400,0.0,0.0
2012-07-17 00:00:00-04:00,3.91412,3.91412,3.87921,3.89473,146000,0.0,0.0
2012-07-18 00:00:00-04:00,3.88309,3.88697,3.87921,3.88697,157400,0.0,0.0
2012-07-19 00:00:00-04:00,3.88697,3.91412,3.88309,3.91412,141000,0.0,0.0
2012-07-20 00:00:00-04:00,3.93739,3.93739,3.87921,3.87921,104200,0.0,0.0
2012-07-23 00:00:00-04:00,3.87921,3.94127,3.87921,3.94127,133600,0.0,0.0
2012-07-24 00:00:00-04:00,3.93739,3.94127,3.918,3.93739,39000,0.0,0.0
2012-07-25 00:00:00-04:00,3.94127,3.94127,3.918,3.918,103600,0.0,0.0
2012-07-26 00:00:00-04:00,3.93739,3.94515,3.93352,3.93352,167000,0.0,0.0
2012-07-27 00:00:00-04:00,3.93352,3.93352,3.918,3.92576,82200,0.0,0.0
2012-07-30 00:00:00-04:00,3.918,3.92576,3.90248,3.91412,55600,0.0,0.0
2012-07-31 00:00:00-04:00,3.8986,3.92576,3.8986,3.90248,92400,0.0,0.0
2012-08-01 00:00:00-04:00,3.90636,3.95679,3.90248,3.95679,186000,0.0,0.0
2012-08-02 00:00:00-04:00,3.93739,3.97619,3.93739,3.96843,138400,0.0,0.0
2012-08-03 00:00:00-04:00,3.98782,3.98782,3.98394,3.98394,41000,0.0,0.0
2012-08-06 00:00:00-04:00,3.98782,3.98782,3.95679,3.97619,22800,0.0,0.0
2012-08-07 00:00:00-04:00,3.9917,3.9917,3.95679,3.96067,44000,0.0,0.0
2012-08-08 00:00:00-04:00,3.95679,3.98782,3.95291,3.98782,101400,0.0,0.0
2012-08-09 00:00:00-04:00,3.96067,3.99558,3.95679,3.96067,77800,0.0,0.0
2012-08-10 00:00:00-04:00,3.95679,4.01498,3.95679,3.99558,50400,0.0,0.0
2012-08-13 00:00:00-04:00,3.99558,4.01498,3.99558,4.0111,6800,0.0,0.0
2012-08-14 00:00:00-04:00,4.01498,4.01498,3.99558,4.0111,12000,0.0,0.0
2012-08-15 00:00:00-04:00,4.01498,4.01498,3.99558,4.0111,12800,0.0,0.0
2012-08-16 00:00:00-04:00,3.96455,4.0111,3.96455,4.0111,11000,0.0,0.0
2012-08-17 00:00:00-04:00,4.0111,4.0111,3.99946,4.0111,2000,0.0,0.0
2012-08-20 00:00:00-04:00,4.0111,4.0111,4.0111,4.0111,1000,0.0,0.0
2012-08-21 00:00:00-04:00,4.00722,4.06541,3.99558,4.06541,68600,0.0,0.0
2012-08-22 00:00:00-04:00,4.11196,4.17791,4.10032,4.13524,40000,0.0,0.0
2012-08-23 00:00:00-04:00,4.16627,4.16627,4.06541,4.06541,7000,0.0,0.0
2012-08-24 00:00:00-04:00,4.07317,4.11972,4.07317,4.11972,11000,0.0,0.0
2012-08-27 00:00:00-04:00,4.11972,4.11972,4.04989,4.08481,55600,0.0,0.0
2012-08-28 00:00:00-04:00,4.11972,4.15075,4.11196,4.11196,42000,0.0,0.0
2012-08-29 00:00:00-04:00,4.11196,4.11196,4.09256,4.09256,2200,0.0,0.0
2012-08-30 00:00:00-04:00,4.14299,4.15075,4.09256,4.15075,17200,0.0,0.0
2012-08-31 00:00:00-04:00,4.15075,4.1973,4.13911,4.13911,23400,0.0,0.0
2012-09-04 00:00:00-04:00,4.0848,4.13911,4.0848,4.13911,28600,0.0,0.0
2012-09-05 00:00:00-04:00,4.12748,4.16239,4.11972,4.16239,90000,0.0,0.0
2012-09-06 00:00:00-04:00,4.14299,4.15463,4.13911,4.15463,17800,0.0,0.0
2012-09-07 00:00:00-04:00,4.11196,4.15851,4.11196,4.15075,1600,0.0,0.0
2012-09-10 00:00:00-04:00,4.14687,4.15075,4.10808,4.15075,54400,0.0,0.0
2012-09-11 00:00:00-04:00,4.13135,4.15075,4.13135,4.15075,18000,0.0,0.0
2012-09-12 00:00:00-04:00,4.15075,4.15463,4.15075,4.15075,22200,0.0,0.0
2012-09-13 00:00:00-04:00,4.15075,4.15075,4.13524,4.14687,40000,0.0,0.0
2012-09-14 00:00:00-04:00,4.16239,4.16239,4.14299,4.15463,41000,0.0,0.0
2012-09-17 00:00:00-04:00,4.11196,4.18178,4.11196,4.13911,9800,0.0,0.0
2012-09-18 00:00:00-04:00,4.0848,4.18178,4.0848,4.18178,11400,0.0,0.0
2012-09-19 00:00:00-04:00,4.16239,4.16239,4.15463,4.16239,1600,0.0,0.0
2012-09-20 00:00:00-04:00,4.15851,4.20118,4.15851,4.20118,12000,0.0,0.0
2012-09-21 00:00:00-04:00,4.18954,4.22834,4.16239,4.16239,34200,0.0,0.0
2012-09-24 00:00:00-04:00,4.18567,4.22834,4.17791,4.22834,30800,0.0,0.0
2012-09-25 00:00:00-04:00,4.18954,4.21282,4.17403,4.21282,18800,0.0,0.0
2012-09-26 00:00:00-04:00,4.17403,4.17403,4.17403,4.17403,1600,0.0,0.0
2012-09-27 00:00:00-04:00,4.17403,4.17403,4.17403,4.17403,0,0.0,0.0
2012-09-28 00:00:00-04:00,4.17403,4.17403,4.17403,4.17403,0,0.0,0.0
2012-10-01 00:00:00-04:00,4.17403,4.17403,4.13911,4.13911,13600,0.0,0.0
2012-10-02 00:00:00-04:00,4.15075,4.15075,4.15075,4.15075,1400,0.0,0.0
2012-10-03 00:00:00-04:00,4.17403,4.17403,4.17403,4.17403,200,0.0,0.0
2012-10-04 00:00:00-04:00,4.15463,4.17403,4.15075,4.16627,7600,0.0,0.0
2012-10-05 00:00:00-04:00,4.18178,4.18566,4.17403,4.17403,18400,0.0,0.0
2012-10-08 00:00:00-04:00,4.18178,4.18566,4.18178,4.18566,4600,0.0,0.0
2012-10-09 00:00:00-04:00,4.17015,4.17015,4.17015,4.17015,1800,0.0,0.0
2012-10-10 00:00:00-04:00,4.17015,4.17403,4.17015,4.17015,7800,0.0,0.0
2012-10-11 00:00:00-04:00,4.18566,4.18566,4.17015,4.17015,2400,0.0,0.0
2012-10-12 00:00:00-04:00,4.17791,4.17791,4.17015,4.17791,9600,0.0,0.0
2012-10-15 00:00:00-04:00,4.17015,4.20894,4.17015,4.20894,25200,0.0,0.0
2012-10-16 00:00:00-04:00,4.18954,4.20894,4.18179,4.20894,22200,0.0,0.0
2012-10-17 00:00:00-04:00,4.20506,4.24385,4.20506,4.24385,21600,0.0,0.0
2012-10-18 00:00:00-04:00,4.24385,4.24385,4.24385,4.24385,0,0.0,0.0
2012-10-19 00:00:00-04:00,4.24385,4.24385,4.24385,4.24385,0,0.0,0.0
2012-10-22 00:00:00-04:00,4.22834,4.22834,4.22834,4.22834,600,0.0,0.0
2012-10-23 00:00:00-04:00,4.18954,4.18954,4.18954,4.18954,1600,0.0,0.0
2012-10-24 00:00:00-04:00,4.22834,4.23997,4.22834,4.23997,2000,0.0,0.0
2012-10-25 00:00:00-04:00,4.24385,4.32144,4.22834,4.32144,39200,0.0,0.0
2012-10-26 00:00:00-04:00,4.28652,4.28652,4.20894,4.26713,7600,0.0,0.0
2012-10-31 00:00:00-04:00,4.30592,4.55807,4.30592,4.51928,130400,0.0,0.0
2012-11-01 00:00:00-04:00,4.55807,4.65505,4.55807,4.65505,42800,0.0,0.0
2012-11-02 00:00:00-04:00,4.65505,4.65505,4.61626,4.65505,29200,0.0,0.0
2012-11-05 00:00:00-05:00,4.63177,4.65505,4.63177,4.65117,6600,0.0,0.0
2012-11-06 00:00:00-05:00,4.65117,4.65505,4.62789,4.62789,10800,0.0,0.0
2012-11-07 00:00:00-05:00,4.62789,4.62789,4.62789,4.62789,400,0.0,0.0
2012-11-08 00:00:00-05:00,4.62789,4.62789,4.62401,4.62789,4400,0.0,0.0
2012-11-09 00:00:00-05:00,4.62789,4.62789,4.62789,4.62789,0,0.0,0.0
2012-11-12 00:00:00-05:00,4.58522,4.65117,4.53867,4.65117,6600,0.0,0.0
2012-11-13 00:00:00-05:00,4.61238,4.65505,4.61238,4.65505,37200,0.0,0.0
2012-11-14 00:00:00-05:00,4.65505,4.65505,4.65505,4.65505,1200,0.0,0.0
2012-11-15 00:00:00-05:00,4.65505,4.65505,4.61626,4.61626,7000,0.0,0.0
2012-11-16 00:00:00-05:00,4.65505,4.73263,4.65117,4.65505,53600,0.0,0.0
2012-11-19 00:00:00-05:00,4.65505,4.74815,4.64729,4.73651,14000,0.0,0.0
2012-11-20 00:00:00-05:00,4.74815,4.84125,4.74815,4.84125,20400,0.0,0.0
2012-11-21 00:00:00-05:00,4.83737,5.03909,4.83737,4.88004,55800,0.0,0.0
2012-11-23 00:00:00-05:00,4.94987,5.03521,4.94987,5.02357,5200,0.0,0.0
2012-11-26 00:00:00-05:00,4.88392,5.03133,4.88392,5.03133,5200,0.0,0.0
2012-11-27 00:00:00-05:00,4.96539,5.03133,4.96539,5.03133,8000,0.0,0.0
2012-11-28 00:00:00-05:00,4.87228,5.01581,4.87228,5.01581,2200,0.0,0.0
2012-11-29 00:00:00-05:00,5.01969,5.29512,5.01969,5.04297,27200,0.0,0.0
2012-11-30 00:00:00-05:00,5.06625,5.07788,5.06625,5.07788,6200,0.0,0.0
2012-12-03 00:00:00-05:00,5.07012,5.07012,5.04297,5.06624,10000,0.0,0.0
2012-12-04 00:00:00-05:00,5.04685,5.07012,5.04297,5.05073,15800,0.0,0.0
2012-12-05 00:00:00-05:00,5.07012,5.07788,5.07012,5.07012,5800,0.0,0.0
2012-12-06 00:00:00-05:00,5.074,5.16322,5.04297,5.15935,32000,0.0,0.0
2012-12-07 00:00:00-05:00,5.07788,5.07788,5.05849,5.05849,7000,0.0,0.0
2012-12-10 00:00:00-05:00,5.05849,5.05849,5.05849,5.05849,400,0.0,0.0
2012-12-11 00:00:00-05:00,4.90332,5.04297,4.90332,5.02357,7800,0.0,0.0
2012-12-12 00:00:00-05:00,4.95375,5.01969,4.94599,5.01581,4600,0.0,0.0
2012-12-13 00:00:00-05:00,5.04685,5.05073,5.00418,5.03909,6400,0.0,0.0
2012-12-14 00:00:00-05:00,5.05073,5.05073,5.03521,5.04297,30800,0.0,0.0
2012-12-17 00:00:00-05:00,5.02357,5.05073,5.02357,5.04297,10400,0.0,0.0
2012-12-18 00:00:00-05:00,5.05073,5.05073,5.03521,5.03521,10400,0.0,0.0
2012-12-19 00:00:00-05:00,5.03909,5.03909,5.03521,5.03909,4000,0.0,0.0
2012-12-20 00:00:00-05:00,5.03909,5.03909,5.03909,5.03909,0,0.0,0.0
2012-12-21 00:00:00-05:00,4.9809,5.03521,4.91496,5.03521,10800,0.0,0.0
2012-12-24 00:00:00-05:00,5.02357,5.03909,5.01969,5.01969,2400,0.0,0.0
2012-12-26 00:00:00-05:00,5.01969,5.01969,5.01969,5.01969,0,0.0,0.0
2012-12-27 00:00:00-05:00,5.01969,5.01969,5.01969,5.01969,0,0.0,0.0
2012-12-28 00:00:00-05:00,4.95375,5.04297,4.95375,5.03133,17800,0.0,0.0
2012-12-31 00:00:00-05:00,4.85289,5.03133,4.85289,5.03133,8400,0.0,0.0
2013-01-02 00:00:00-05:00,5.03133,5.04297,5.02745,5.04297,58400,0.0,0.0
2013-01-03 00:00:00-05:00,5.03909,5.04297,4.96926,5.04297,79200,0.0,0.0
2013-01-04 00:00:00-05:00,5.01194,5.05461,4.96927,5.00418,28200,0.0,0.0
2013-01-07 00:00:00-05:00,5.01581,5.07788,5.01581,5.06624,34200,0.0,0.0
2013-01-08 00:00:00-05:00,5.06236,5.15546,5.03909,5.11667,25200,0.0,0.0
2013-01-09 00:00:00-05:00,5.11667,5.15159,5.11279,5.11667,2600,0.0,0.0
2013-01-10 00:00:00-05:00,5.04297,5.15159,5.04297,5.15159,7600,0.0,0.0
2013-01-11 00:00:00-05:00,5.14771,5.14771,5.07012,5.07012,800,0.0,0.0
2013-01-14 00:00:00-05:00,5.06624,5.11667,5.06624,5.11667,3200,0.0,0.0
2013-01-15 00:00:00-05:00,5.1128,5.19814,5.1128,5.19426,7200,0.0,0.0
2013-01-16 00:00:00-05:00,5.12443,5.34555,5.12443,5.29124,4800,0.0,0.0
2013-01-17 00:00:00-05:00,5.32227,5.3921,5.32227,5.33003,3400,0.0,0.0
2013-01-18 00:00:00-05:00,5.38822,5.43477,5.36882,5.43089,21200,0.0,0.0
2013-01-22 00:00:00-05:00,5.44253,5.50847,5.43865,5.50847,10400,0.0,0.0
2013-01-23 00:00:00-05:00,5.52787,5.53951,5.47356,5.47356,17400,0.0,0.0
2013-01-24 00:00:00-05:00,5.51235,5.62097,5.51235,5.60933,4200,0.0,0.0
2013-01-25 00:00:00-05:00,5.62485,5.62873,5.53175,5.54727,12600,0.0,0.0
2013-01-28 00:00:00-05:00,5.44641,5.44641,5.43089,5.43089,4200,0.0,0.0
2013-01-29 00:00:00-05:00,5.43477,5.4658,5.41149,5.45029,27600,0.0,0.0
2013-01-30 00:00:00-05:00,5.43089,5.45029,5.41149,5.45029,7200,0.0,0.0
2013-01-31 00:00:00-05:00,5.45029,5.5783,5.43089,5.52787,16000,0.0,0.0
2013-02-01 00:00:00-05:00,5.60545,5.79553,5.57054,5.79166,15600,0.0,0.0
2013-02-04 00:00:00-05:00,5.7839,5.79554,5.60158,5.66364,11800,0.0,0.0
2013-02-05 00:00:00-05:00,5.68692,5.6908,5.66364,5.66752,5600,0.0,0.0
2013-02-06 00:00:00-05:00,5.62873,5.82657,5.62873,5.82657,7600,0.0,0.0
2013-02-07 00:00:00-05:00,5.87312,5.91579,5.87312,5.91191,4000,0.0,0.0
2013-02-08 00:00:00-05:00,5.81881,5.81881,5.81881,5.81881,4000,0.0,0.0
2013-02-11 00:00:00-05:00,5.8964,6.00501,5.67528,6.00501,8600,0.0,0.0
2013-02-12 00:00:00-05:00,5.77226,5.91579,5.77226,5.90415,9600,0.0,0.0
2013-02-13 00:00:00-05:00,5.82269,5.82269,5.81881,5.81881,400,0.0,0.0
2013-02-14 00:00:00-05:00,5.82269,5.82269,5.81881,5.81881,800,0.0,0.0
2013-02-15 00:00:00-05:00,5.83045,5.90415,5.81881,5.90415,6800,0.0,0.0
2013-02-19 00:00:00-05:00,5.86536,5.86536,5.86536,5.86536,400,0.0,0.0
2013-02-20 00:00:00-05:00,5.877,5.88863,5.79941,5.79941,18000,0.0,0.0
2013-02-21 00:00:00-05:00,5.70631,5.70631,5.70631,5.70631,200,0.0,0.0
2013-02-22 00:00:00-05:00,5.73735,5.81881,5.70243,5.70243,59800,0.0,0.0
2013-02-25 00:00:00-05:00,5.70243,5.70243,5.53175,5.62485,24800,0.0,0.0
2013-02-26 00:00:00-05:00,5.64813,5.877,5.64813,5.68692,7000,0.0,0.0
2013-02-27 00:00:00-05:00,5.72183,5.75286,5.72183,5.72571,16000,0.0,0.0
2013-02-28 00:00:00-05:00,5.6908,5.6908,5.6908,5.6908,600,0.0,0.0
2013-03-01 00:00:00-05:00,5.68692,5.84984,5.68692,5.80329,3000,0.0,0.0
2013-03-04 00:00:00-05:00,5.84596,5.84596,5.72183,5.75674,1000,0.0,0.0
2013-03-05 00:00:00-05:00,5.79166,5.79941,5.77226,5.78002,22600,0.0,0.0
2013-03-06 00:00:00-05:00,5.7839,5.81105,5.7839,5.81105,400,0.0,0.0
2013-03-07 00:00:00-05:00,5.81105,5.83045,5.75674,5.82657,5400,0.0,0.0
2013-03-08 00:00:00-05:00,5.82269,5.82269,5.81105,5.81105,800,0.0,0.0
2013-03-11 00:00:00-04:00,5.87312,5.95458,5.82657,5.9507,22200,0.0,0.0
2013-03-12 00:00:00-04:00,5.95458,5.95458,5.91579,5.91579,1400,0.0,0.0
2013-03-13 00:00:00-04:00,5.9507,5.9507,5.8964,5.90027,14600,0.0,0.0
2013-03-14 00:00:00-04:00,5.9507,7.54506,5.9507,6.3619,31600,0.0,0.0
2013-03-15 00:00:00-04:00,6.11363,6.26492,6.10975,6.20285,3600,0.0,0.0
2013-03-18 00:00:00-04:00,6.1757,6.1757,6.1757,6.1757,200,0.0,0.0
2013-03-19 00:00:00-04:00,6.24552,6.24552,6.16794,6.18734,13800,0.0,0.0
2013-03-20 00:00:00-04:00,6.38905,6.38905,6.38905,6.38905,200,0.0,0.0
2013-03-21 00:00:00-04:00,6.31535,6.38905,6.31535,6.38905,400,0.0,0.0
2013-03-22 00:00:00-04:00,6.37742,6.37742,6.14079,6.14079,5400,0.0,0.0
2013-03-25 00:00:00-04:00,6.14079,6.29595,6.14079,6.20673,1400,0.0,0.0
2013-03-26 00:00:00-04:00,6.22613,6.24552,6.18734,6.18734,8200,0.0,0.0
2013-03-27 00:00:00-04:00,6.19121,6.20673,6.17958,6.20673,4200,0.0,0.0
2013-03-28 00:00:00-04:00,6.20673,6.20673,6.14854,6.14854,3400,0.0,0.0
2013-04-01 00:00:00-04:00,6.20285,6.20285,6.15242,6.15242,4000,0.0,0.0
2013-04-02 00:00:00-04:00,6.15242,6.15242,6.15242,6.15242,0,0.0,0.0
2013-04-03 00:00:00-04:00,6.14466,6.21061,6.14466,6.19897,11800,0.0,0.0
2013-04-04 00:00:00-04:00,6.19897,6.25328,6.19897,6.25328,1200,0.0,0.0
2013-04-05 00:00:00-04:00,6.19509,6.27656,6.19509,6.24552,600,0.0,0.0
2013-04-08 00:00:00-04:00,6.15242,6.19509,6.15242,6.18734,9400,0.0,0.0
2013-04-09 00:00:00-04:00,6.14854,6.24164,6.14854,6.20285,10000,0.0,0.0
2013-04-10 00:00:00-04:00,6.20285,6.20285,6.20285,6.20285,200,0.0,0.0
2013-04-11 00:00:00-04:00,6.20673,6.24164,6.20673,6.24164,2600,0.0,0.0
2013-04-12 00:00:00-04:00,6.24552,6.28432,6.18734,6.28432,11000,0.0,0.0
2013-04-15 00:00:00-04:00,6.28432,6.28432,6.24552,6.25328,3200,0.0,0.0
2013-04-16 00:00:00-04:00,6.1757,6.1757,6.16794,6.16794,4800,0.0,0.0
2013-04-17 00:00:00-04:00,6.17182,6.20285,6.10975,6.17182,16200,0.0,0.0
2013-04-18 00:00:00-04:00,6.17182,6.17182,6.17182,6.17182,0,0.0,0.0
2013-04-19 00:00:00-04:00,6.19509,6.28044,6.14854,6.14854,7800,0.0,0.0
2013-04-22 00:00:00-04:00,6.09035,6.09035,6.09035,6.09035,200,0.0,0.0
2013-04-23 00:00:00-04:00,6.16406,6.16406,6.16406,6.16406,600,0.0,0.0
2013-04-24 00:00:00-04:00,6.24164,6.24164,6.24164,6.24164,1000,0.0,0.0
2013-04-25 00:00:00-04:00,6.20673,6.20673,6.09036,6.19897,4200,0.0,0.0
2013-04-26 00:00:00-04:00,6.20285,6.20285,6.19509,6.19509,1000,0.0,0.0
2013-04-29 00:00:00-04:00,6.20285,6.3619,6.13303,6.30371,24800,0.0,0.0
2013-04-30 00:00:00-04:00,6.33474,6.38905,6.33474,6.38517,5800,0.0,0.0
2013-05-01 00:00:00-04:00,6.33475,6.3813,6.33475,6.3813,1800,0.0,0.0
2013-05-02 00:00:00-04:00,6.40069,6.40069,6.33086,6.39681,4200,0.0,0.0
2013-05-03 00:00:00-04:00,6.40069,6.40845,6.30759,6.40845,16800,0.0,0.0
2013-05-06 00:00:00-04:00,6.59077,6.59077,6.5287,6.59077,7000,0.0,0.0
2013-05-07 00:00:00-04:00,6.57526,6.57526,6.55198,6.56362,4600,0.0,0.0
2013-05-08 00:00:00-04:00,6.56362,6.57526,6.55586,6.57526,2600,0.0,0.0
2013-05-09 00:00:00-04:00,6.58302,6.5869,6.55586,6.55586,7200,0.0,0.0
2013-05-10 00:00:00-04:00,6.55974,6.5675,6.55974,6.55974,4000,0.0,0.0
2013-05-13 00:00:00-04:00,6.54417,6.54417,6.52083,6.54028,800,0.025,0.0
2013-05-14 00:00:00-04:00,6.52862,6.61421,6.52862,6.61421,1600,0.0,0.0
2013-05-15 00:00:00-04:00,6.60254,6.60254,6.55585,6.55585,600,0.0,0.0
2013-05-16 00:00:00-04:00,6.59476,6.59476,6.5364,6.5364,2800,0.0,0.0
2013-05-17 00:00:00-04:00,6.57919,6.61032,6.57919,6.61032,2200,0.0,0.0
2013-05-20 00:00:00-04:00,6.59086,6.59086,6.53639,6.54028,2200,0.0,0.0
2013-05-21 00:00:00-04:00,6.61032,6.61032,6.5753,6.5753,6400,0.0,0.0
2013-05-22 00:00:00-04:00,6.56363,6.57919,6.56363,6.57919,1600,0.0,0.0
2013-05-23 00:00:00-04:00,6.54028,6.54028,6.54028,6.54028,200,0.0,0.0
2013-05-24 00:00:00-04:00,6.54028,6.59086,6.54028,6.57919,4200,0.0,0.0
2013-05-28 00:00:00-04:00,6.61421,6.61421,6.61421,6.61421,400,0.0,0.0
2013-05-29 00:00:00-04:00,6.58698,6.61421,6.58308,6.61421,2000,0.0,0.0
2013-05-30 00:00:00-04:00,6.42356,6.54418,6.42356,6.52472,4400,0.0,0.0
2013-05-31 00:00:00-04:00,6.52862,6.61421,6.52862,6.61421,2000,0.0,0.0
2013-06-03 00:00:00-04:00,6.61421,6.61421,6.60254,6.60254,2000,0.0,0.0
2013-06-04 00:00:00-04:00,6.61032,6.61032,6.57919,6.60254,1000,0.0,0.0
2013-06-05 00:00:00-04:00,6.55974,6.69202,6.55974,6.64923,6800,0.0,0.0
2013-06-06 00:00:00-04:00,6.62199,6.72315,6.62199,6.62199,1000,0.0,0.0
2013-06-07 00:00:00-04:00,6.62199,6.62199,6.62199,6.62199,0,0.0,0.0
2013-06-10 00:00:00-04:00,6.66479,7.29508,6.65312,7.14724,1200,0.0,0.0
2013-06-11 00:00:00-04:00,7.07331,7.07331,6.93325,6.93325,3200,0.0,0.0
2013-06-12 00:00:00-04:00,6.96826,6.96826,6.96437,6.96437,800,0.0,0.0
2013-06-13 00:00:00-04:00,6.94492,6.94492,6.94492,6.94492,200,0.0,0.0
2013-06-14 00:00:00-04:00,6.94492,6.94492,6.94492,6.94492,0,0.0,0.0
2013-06-17 00:00:00-04:00,6.71148,6.94492,6.71148,6.91379,2800,0.0,0.0
2013-06-18 00:00:00-04:00,6.93325,6.93325,6.72315,6.88267,1000,0.0,0.0
2013-06-19 00:00:00-04:00,6.75428,6.92547,6.73482,6.92547,600,0.0,0.0
2013-06-20 00:00:00-04:00,6.80875,6.80875,6.80875,6.80875,200,0.0,0.0
2013-06-21 00:00:00-04:00,6.73871,6.76206,6.71148,6.71148,2800,0.0,0.0
2013-06-24 00:00:00-04:00,6.74649,6.74649,6.73871,6.73871,600,0.0,0.0
2013-06-25 00:00:00-04:00,6.94492,6.94492,6.94492,6.94492,400,0.0,0.0
2013-06-26 00:00:00-04:00,6.94103,6.94103,6.94103,6.94103,600,0.0,0.0
2013-06-27 00:00:00-04:00,6.89434,6.94492,6.89434,6.94492,1200,0.0,0.0
2013-06-28 00:00:00-04:00,6.98383,7.00328,6.98383,7.00328,22200,0.0,0.0
2013-07-01 00:00:00-04:00,6.98383,6.98383,6.7465,6.97216,8200,0.0,0.0
2013-07-02 00:00:00-04:00,6.94881,6.96826,6.7426,6.96437,4800,0.0,0.0
2013-07-03 00:00:00-04:00,6.96437,6.96437,6.96437,6.96437,0,0.0,0.0
2013-07-05 00:00:00-04:00,6.96048,6.96048,6.90991,6.94492,1400,0.0,0.0
2013-07-08 00:00:00-04:00,6.75038,6.80874,6.75038,6.75427,1000,0.0,0.0
2013-07-09 00:00:00-04:00,6.83598,6.87878,6.75038,6.85154,12400,0.0,0.0
2013-07-10 00:00:00-04:00,6.79707,6.79707,6.75038,6.75038,800,0.0,0.0
2013-07-11 00:00:00-04:00,6.7854,6.7854,6.67257,6.67257,10600,0.0,0.0
2013-07-12 00:00:00-04:00,6.67646,6.72315,6.6181,6.67257,14000,0.0,0.0
2013-07-15 00:00:00-04:00,6.6998,6.70759,6.66868,6.66868,2800,0.0,0.0
2013-07-16 00:00:00-04:00,6.61421,6.71148,6.61421,6.71148,48800,0.0,0.0
2013-07-17 00:00:00-04:00,6.68813,6.71537,6.657,6.70369,37400,0.0,0.0
2013-07-18 00:00:00-04:00,6.67257,6.67257,6.67257,6.67257,200,0.0,0.0
2013-07-19 00:00:00-04:00,6.71148,6.73093,6.71148,6.73093,3400,0.0,0.0
2013-07-22 00:00:00-04:00,6.73093,6.73093,6.65701,6.6609,29000,0.0,0.0
2013-07-23 00:00:00-04:00,6.75427,6.76984,6.75427,6.76984,7800,0.0,0.0
2013-07-24 00:00:00-04:00,6.78929,6.78929,6.65312,6.75038,6600,0.0,0.0
2013-07-25 00:00:00-04:00,6.77373,6.77373,6.66868,6.73093,9000,0.0,0.0
2013-07-26 00:00:00-04:00,6.71537,6.73093,6.65312,6.71148,55200,0.0,0.0
2013-07-29 00:00:00-04:00,6.71148,6.73093,6.51694,6.73093,42000,0.0,0.0
2013-07-30 00:00:00-04:00,6.67646,6.75038,6.67646,6.71926,23200,0.0,0.0
2013-07-31 00:00:00-04:00,6.72315,6.75038,6.69202,6.75038,31400,0.0,0.0
2013-08-01 00:00:00-04:00,6.73871,6.75038,6.73871,6.75038,1400,0.0,0.0
2013-08-02 00:00:00-04:00,6.74649,6.74649,6.68035,6.68035,1800,0.0,0.0
2013-08-05 00:00:00-04:00,6.66479,6.70369,6.66479,6.70369,2400,0.0,0.0
2013-08-06 00:00:00-04:00,6.62588,6.66479,6.5753,6.66479,9800,0.0,0.0
2013-08-07 00:00:00-04:00,6.56752,6.63755,6.56752,6.62977,1600,0.0,0.0
2013-08-08 00:00:00-04:00,6.62977,6.62977,6.62977,6.62977,0,0.0,0.0
2013-08-09 00:00:00-04:00,6.50138,6.75038,6.50138,6.75038,1200,0.0,0.0
2013-08-12 00:00:00-04:00,6.61421,6.61421,6.61421,6.61421,400,0.0,0.0
2013-08-13 00:00:00-04:00,6.63372,6.68445,6.63372,6.68445,2600,0.025,0.0
2013-08-14 00:00:00-04:00,6.64152,6.67274,6.54007,6.54007,1200,0.0,0.0
2013-08-15 00:00:00-04:00,6.54397,6.68055,6.54397,6.67274,2800,0.0,0.0
2013-08-16 00:00:00-04:00,6.62201,6.62201,6.5947,6.5947,2800,0.0,0.0
2013-08-19 00:00:00-04:00,6.62201,6.62201,6.4191,6.52446,33000,0.0,0.0
2013-08-20 00:00:00-04:00,6.51665,6.51665,6.46593,6.46593,400,0.0,0.0
2013-08-21 00:00:00-04:00,6.45812,6.46983,6.45812,6.46983,5400,0.0,0.0
2013-08-22 00:00:00-04:00,6.52836,6.52836,6.52836,6.52836,600,0.0,0.0
2013-08-23 00:00:00-04:00,6.53616,6.55568,6.53616,6.54007,1400,0.0,0.0
2013-08-26 00:00:00-04:00,6.55568,6.55958,6.54007,6.54007,5600,0.0,0.0
2013-08-27 00:00:00-04:00,6.53227,6.54397,6.52836,6.53227,4000,0.0,0.0
2013-08-28 00:00:00-04:00,6.53226,6.53617,6.53226,6.53617,12200,0.0,0.0
2013-08-29 00:00:00-04:00,6.50495,6.54397,6.50495,6.53617,9800,0.0,0.0
2013-08-30 00:00:00-04:00,6.55177,6.55567,6.51665,6.55567,5000,0.0,0.0
2013-09-03 00:00:00-04:00,6.58689,6.5947,6.56348,6.58689,4600,0.0,0.0
2013-09-04 00:00:00-04:00,6.55567,6.5947,6.55567,6.5947,8800,0.0,0.0
2013-09-05 00:00:00-04:00,6.62592,6.62592,6.49714,6.50495,1200,0.0,0.0
2013-09-06 00:00:00-04:00,6.54397,6.54397,6.54397,6.54397,200,0.0,0.0
2013-09-09 00:00:00-04:00,6.57128,6.57128,6.57128,6.57128,600,0.0,0.0
2013-09-10 00:00:00-04:00,6.62592,6.69225,6.5947,6.63762,21000,0.0,0.0
2013-09-11 00:00:00-04:00,6.5908,6.71177,6.5908,6.69225,12400,0.0,0.0
2013-09-12 00:00:00-04:00,6.72737,6.76249,6.46983,6.63372,19800,0.0,0.0
2013-09-13 00:00:00-04:00,6.72737,6.72737,6.63372,6.63372,1800,0.0,0.0
2013-09-16 00:00:00-04:00,6.70786,6.73518,6.63372,6.73518,35600,0.0,0.0
2013-09-17 00:00:00-04:00,6.72347,6.72347,6.71176,6.71176,1800,0.0,0.0
2013-09-18 00:00:00-04:00,6.6025,6.69225,6.6025,6.69225,13800,0.0,0.0
2013-09-19 00:00:00-04:00,6.73127,6.73518,6.71176,6.73518,2000,0.0,0.0
2013-09-20 00:00:00-04:00,6.69225,6.7703,6.68835,6.7703,17600,0.0,0.0
2013-09-23 00:00:00-04:00,6.7703,6.7703,6.7703,6.7703,0,0.0,0.0
2013-09-24 00:00:00-04:00,6.71176,6.77029,6.71176,6.71566,2600,0.0,0.0
2013-09-25 00:00:00-04:00,6.73128,6.73518,6.6025,6.6025,36600,0.0,0.0
2013-09-26 00:00:00-04:00,6.66884,6.69225,6.57129,6.63372,9400,0.0,0.0
2013-09-27 00:00:00-04:00,6.64933,6.64933,6.63762,6.63762,400,0.0,0.0
2013-09-30 00:00:00-04:00,6.63372,6.63372,6.63372,6.63372,200,0.0,0.0
2013-10-01 00:00:00-04:00,6.63372,6.67274,6.63372,6.67274,10800,0.0,0.0
2013-10-02 00:00:00-04:00,6.67274,6.71176,6.67274,6.71176,6600,0.0,0.0
2013-10-03 00:00:00-04:00,6.67274,6.70786,6.62201,6.66884,10600,0.0,0.0
2013-10-04 00:00:00-04:00,6.66884,6.66884,6.66884,6.66884,0,0.0,0.0
2013-10-07 00:00:00-04:00,6.55958,6.57519,6.47763,6.47763,7200,0.0,0.0
2013-10-08 00:00:00-04:00,6.58689,6.58689,6.58689,6.58689,1000,0.0,0.0
2013-10-09 00:00:00-04:00,6.58689,6.58689,6.58689,6.58689,0,0.0,0.0
2013-10-10 00:00:00-04:00,6.58689,6.58689,6.58689,6.58689,0,0.0,0.0
2013-10-11 00:00:00-04:00,6.57519,6.57519,6.54007,6.54397,1600,0.0,0.0
2013-10-14 00:00:00-04:00,6.58299,6.58299,6.58299,6.58299,200,0.0,0.0
2013-10-15 00:00:00-04:00,6.47373,6.52836,6.47373,6.52836,5800,0.0,0.0
2013-10-16 00:00:00-04:00,6.55568,6.57519,6.55568,6.57519,600,0.0,0.0
2013-10-17 00:00:00-04:00,6.50495,6.57519,6.48154,6.52056,9400,0.0,0.0
2013-10-18 00:00:00-04:00,6.5908,6.5908,6.50105,6.53227,6200,0.0,0.0
2013-10-21 00:00:00-04:00,6.49324,6.63372,6.46983,6.63372,35800,0.0,0.0
2013-10-22 00:00:00-04:00,6.65323,6.65323,6.63372,6.63372,58400,0.0,0.0
2013-10-23 00:00:00-04:00,6.62201,6.73518,6.62201,6.63372,61800,0.0,0.0
2013-10-24 00:00:00-04:00,6.62982,6.66494,6.5947,6.64152,6000,0.0,0.0
2013-10-25 00:00:00-04:00,6.58689,6.74298,6.58689,6.67274,39200,0.0,0.0
2013-10-28 00:00:00-04:00,6.69225,6.71176,6.67274,6.68445,6600,0.0,0.0
2013-10-29 00:00:00-04:00,6.68445,6.70396,6.68445,6.69225,84000,0.0,0.0
2013-10-30 00:00:00-04:00,6.63372,6.73518,6.58299,6.73518,151400,0.0,0.0
2013-10-31 00:00:00-04:00,6.62201,6.73518,6.62201,6.63372,4200,0.0,0.0
2013-11-01 00:00:00-04:00,6.67274,6.72737,6.63372,6.63372,7400,0.0,0.0
2013-11-04 00:00:00-05:00,6.70006,6.70006,6.61811,6.64152,3800,0.0,0.0
2013-11-05 00:00:00-05:00,6.66884,6.73518,6.66884,6.71176,12000,0.0,0.0
2013-11-06 00:00:00-05:00,6.69225,6.69225,6.69225,6.69225,400,0.0,0.0
2013-11-07 00:00:00-05:00,6.71176,6.71176,6.69616,6.69616,2400,0.0,0.0
2013-11-08 00:00:00-05:00,6.68835,6.70396,6.68835,6.70396,3000,0.0,0.0
2013-11-11 00:00:00-05:00,6.63372,6.63372,6.63372,6.63372,4000,0.0,0.0
2013-11-12 00:00:00-05:00,6.69225,6.71176,6.69225,6.71176,42000,0.0,0.0
2013-11-13 00:00:00-05:00,6.73133,6.76264,6.7235,6.76264,60000,0.025,0.0
2013-11-14 00:00:00-05:00,6.76264,6.76264,6.72742,6.72742,8000,0.0,0.0
2013-11-15 00:00:00-05:00,6.73524,6.73524,6.73524,6.73524,200,0.0,0.0
2013-11-18 00:00:00-05:00,6.73916,6.73916,6.72742,6.72742,5400,0.0,0.0
2013-11-19 00:00:00-05:00,6.73133,6.73133,6.71176,6.71176,1400,0.0,0.0
2013-11-20 00:00:00-05:00,6.71176,6.71568,6.71176,6.71176,1600,0.0,0.0
2013-11-21 00:00:00-05:00,6.70785,6.70785,6.70785,6.70785,400,0.0,0.0
2013-11-22 00:00:00-05:00,6.73133,6.74307,6.73133,6.74307,4000,0.0,0.0
2013-11-25 00:00:00-05:00,6.74307,6.74307,6.71176,6.71176,400,0.0,0.0
2013-11-26 00:00:00-05:00,6.6922,6.73525,6.6922,6.73133,13000,0.0,0.0
2013-11-27 00:00:00-05:00,6.73133,6.73133,6.73133,6.73133,2000,0.0,0.0
2013-11-29 00:00:00-05:00,6.73524,6.73524,6.73524,6.73524,200,0.0,0.0
2013-12-02 00:00:00-05:00,6.73524,6.73524,6.71176,6.73524,9600,0.0,0.0
2013-12-03 00:00:00-05:00,6.73916,6.73916,6.71176,6.71176,4400,0.0,0.0
2013-12-04 00:00:00-05:00,6.68437,6.73916,6.68437,6.73916,600,0.0,0.0
2013-12-05 00:00:00-05:00,6.70785,6.73916,6.70785,6.73916,5200,0.0,0.0
2013-12-06 00:00:00-05:00,6.71959,6.74307,6.71176,6.74307,7200,0.0,0.0
2013-12-09 00:00:00-05:00,6.74307,6.74307,6.71568,6.73133,4800,0.0,0.0
2013-12-10 00:00:00-05:00,6.71568,6.7235,6.71568,6.71959,5200,0.0,0.0
2013-12-11 00:00:00-05:00,6.71568,6.71568,6.71568,6.71568,400,0.0,0.0
2013-12-12 00:00:00-05:00,6.73916,6.74307,6.73133,6.73916,9000,0.0,0.0
2013-12-13 00:00:00-05:00,6.73525,6.74307,6.72351,6.74307,17000,0.0,0.0
2013-12-16 00:00:00-05:00,6.74307,6.74307,6.71176,6.71176,8000,0.0,0.0
2013-12-17 00:00:00-05:00,6.74307,6.74307,6.72742,6.74307,3000,0.0,0.0
2013-12-18 00:00:00-05:00,6.71176,6.74307,6.71176,6.74307,5800,0.0,0.0
2013-12-19 00:00:00-05:00,6.71568,6.7235,6.71568,6.71568,4200,0.0,0.0
2013-12-20 00:00:00-05:00,6.75873,6.79003,6.71959,6.71959,2400,0.0,0.0
2013-12-23 00:00:00-05:00,6.74699,6.7509,6.72351,6.72351,25600,0.0,0.0
2013-12-24 00:00:00-05:00,6.71176,6.71176,6.71176,6.71176,1000,0.0,0.0
2013-12-26 00:00:00-05:00,6.73525,6.73525,6.71176,6.71176,3200,0.0,0.0
2013-12-27 00:00:00-05:00,6.72351,6.72351,6.6922,6.72351,800,0.0,0.0
2013-12-30 00:00:00-05:00,6.70002,6.70002,6.70002,6.70002,600,0.0,0.0
2013-12-31 00:00:00-05:00,6.73525,6.73525,6.70785,6.71176,2400,0.0,0.0
2014-01-02 00:00:00-05:00,6.72742,6.73133,6.6922,6.6922,18800,0.0,0.0
2014-01-03 00:00:00-05:00,6.6922,6.6922,6.6922,6.6922,1000,0.0,0.0
2014-01-06 00:00:00-05:00,6.71959,6.71959,6.6922,6.6922,11200,0.0,0.0
2014-01-07 00:00:00-05:00,6.6922,6.6922,6.6922,6.6922,0,0.0,0.0
2014-01-08 00:00:00-05:00,6.6922,6.6922,6.6922,6.6922,0,0.0,0.0
2014-01-09 00:00:00-05:00,6.67263,6.67263,6.65306,6.65306,5200,0.0,0.0
2014-01-10 00:00:00-05:00,6.65306,6.65306,6.65306,6.65306,1200,0.0,0.0
2014-01-13 00:00:00-05:00,6.72742,6.72742,6.65306,6.68045,18400,0.0,0.0
2014-01-14 00:00:00-05:00,6.65306,6.6922,6.65306,6.6922,2800,0.0,0.0
2014-01-15 00:00:00-05:00,6.65698,6.72351,6.63349,6.65306,16200,0.0,0.0
2014-01-16 00:00:00-05:00,6.64132,6.71959,6.64132,6.65306,11000,0.0,0.0
2014-01-17 00:00:00-05:00,6.64523,6.6648,6.64132,6.64132,4400,0.0,0.0
2014-01-21 00:00:00-05:00,6.62567,6.65698,6.61784,6.65306,7800,0.0,0.0
2014-01-22 00:00:00-05:00,6.66871,6.7235,6.61784,6.61784,9400,0.0,0.0
2014-01-23 00:00:00-05:00,6.65697,6.76655,6.65697,6.73133,5400,0.0,0.0
2014-01-24 00:00:00-05:00,6.73133,6.73525,6.61784,6.65306,15000,0.0,0.0
2014-01-27 00:00:00-05:00,6.68437,6.6922,6.68437,6.6922,1800,0.0,0.0
2014-01-28 00:00:00-05:00,6.71177,6.71177,6.65306,6.65306,21400,0.0,0.0
2014-01-29 00:00:00-05:00,6.65306,6.70785,6.6374,6.68437,167800,0.0,0.0
2014-01-30 00:00:00-05:00,6.69611,6.7235,6.65306,6.71568,65800,0.0,0.0
2014-01-31 00:00:00-05:00,6.66872,6.71176,6.65697,6.71176,18400,0.0,0.0
2014-02-03 00:00:00-05:00,6.65697,6.68046,6.63349,6.64132,29000,0.0,0.0
2014-02-04 00:00:00-05:00,6.65306,6.65306,6.65306,6.65306,7400,0.0,0.0
2014-02-05 00:00:00-05:00,6.63741,6.65306,6.59436,6.59436,2000,0.0,0.0
2014-02-06 00:00:00-05:00,6.59827,6.61001,6.59827,6.60219,5200,0.0,0.0
2014-02-07 00:00:00-05:00,6.65306,6.65697,6.61392,6.63349,5200,0.0,0.0
2014-02-10 00:00:00-05:00,6.66871,6.66871,6.59827,6.66089,9200,0.0,0.0
2014-02-11 00:00:00-05:00,6.65306,6.65697,6.64132,6.64132,4600,0.0,0.0
2014-02-12 00:00:00-05:00,6.61777,6.62562,6.61384,6.61384,8600,0.025,0.0
2014-02-13 00:00:00-05:00,6.63347,6.63347,6.61384,6.61384,4200,0.0,0.0
2014-02-14 00:00:00-05:00,6.61384,6.61777,6.61384,6.61777,1600,0.0,0.0
2014-02-18 00:00:00-05:00,6.61777,6.61777,6.61384,6.61384,2400,0.0,0.0
2014-02-19 00:00:00-05:00,6.61384,6.65309,6.61384,6.61384,1600,0.0,0.0
2014-02-20 00:00:00-05:00,6.61385,6.6845,6.59814,6.6845,9400,0.0,0.0
2014-02-21 00:00:00-05:00,6.61384,6.61384,6.59422,6.59422,11200,0.0,0.0
2014-02-24 00:00:00-05:00,6.64132,6.64132,6.59422,6.59422,12400,0.0,0.0
2014-02-25 00:00:00-05:00,6.63739,6.63739,6.63739,6.63739,600,0.0,0.0
2014-02-26 00:00:00-05:00,6.62954,6.62954,6.60992,6.60992,8400,0.0,0.0
2014-02-27 00:00:00-05:00,6.67272,6.67665,6.65702,6.6688,14400,0.0,0.0
2014-02-28 00:00:00-05:00,6.66487,6.68842,6.61384,6.61384,3600,0.0,0.0
2014-03-03 00:00:00-05:00,6.62954,6.63347,6.59422,6.62954,5800,0.0,0.0
2014-03-04 00:00:00-05:00,6.60207,6.64132,6.59814,6.64132,8200,0.0,0.0
2014-03-05 00:00:00-05:00,6.63347,6.63347,6.62954,6.62954,7400,0.0,0.0
2014-03-06 00:00:00-05:00,6.62954,6.62954,6.62954,6.62954,800,0.0,0.0
2014-03-07 00:00:00-05:00,6.63347,6.63347,6.61777,6.61777,3000,0.0,0.0
2014-03-10 00:00:00-04:00,6.61777,6.61777,6.44506,6.58637,18000,0.0,0.0
2014-03-11 00:00:00-04:00,6.58637,6.58637,6.58637,6.58637,0,0.0,0.0
2014-03-12 00:00:00-04:00,6.56674,6.56674,6.56674,6.56674,400,0.0,0.0
2014-03-13 00:00:00-04:00,6.53142,6.60207,6.53142,6.60207,3600,0.0,0.0
2014-03-14 00:00:00-04:00,6.48432,6.59029,6.48039,6.57067,5000,0.0,0.0
2014-03-17 00:00:00-04:00,6.53142,6.53142,6.53142,6.53142,400,0.0,0.0
2014-03-18 00:00:00-04:00,6.51179,6.53142,6.51179,6.53142,1600,0.0,0.0
2014-03-19 00:00:00-04:00,6.53142,6.53142,6.53142,6.53142,0,0.0,0.0
2014-03-20 00:00:00-04:00,6.53927,6.53927,6.53927,6.53927,800,0.0,0.0
2014-03-21 00:00:00-04:00,6.52749,6.53534,6.52749,6.53534,4000,0.0,0.0
2014-03-24 00:00:00-04:00,6.48039,6.49216,6.48039,6.49216,5400,0.0,0.0
2014-03-25 00:00:00-04:00,6.49216,6.49216,6.49216,6.49216,0,0.0,0.0
2014-03-26 00:00:00-04:00,6.48431,6.53927,6.47646,6.47646,19600,0.0,0.0
2014-03-27 00:00:00-04:00,6.47646,6.47646,6.47646,6.47646,0,0.0,0.0
2014-03-28 00:00:00-04:00,6.47254,6.53927,6.41759,6.47254,11400,0.0,0.0
2014-03-31 00:00:00-04:00,6.43721,6.43721,6.41759,6.41759,3800,0.0,0.0
2014-04-01 00:00:00-04:00,6.35871,6.37049,6.35086,6.37049,11600,0.0,0.0
2014-04-02 00:00:00-04:00,6.42936,6.51179,6.42936,6.51179,10200,0.0,0.0
2014-04-03 00:00:00-04:00,6.51179,6.51179,6.51179,6.51179,0,0.0,0.0
2014-04-04 00:00:00-04:00,6.48431,6.48431,6.48431,6.48431,200,0.0,0.0
2014-04-07 00:00:00-04:00,6.48431,6.48431,6.48431,6.48431,0,0.0,0.0
2014-04-08 00:00:00-04:00,6.48431,6.48431,6.48431,6.48431,1000,0.0,0.0
2014-04-09 00:00:00-04:00,6.47646,6.47646,6.37834,6.42936,22600,0.0,0.0
2014-04-10 00:00:00-04:00,6.42544,6.42544,6.42544,6.42544,1000,0.0,0.0
2014-04-11 00:00:00-04:00,6.42544,6.42544,6.42544,6.42544,0,0.0,0.0
2014-04-14 00:00:00-04:00,6.42544,6.42544,6.42544,6.42544,0,0.0,0.0
2014-04-15 00:00:00-04:00,6.42544,6.42544,6.42544,6.42544,0,0.0,0.0
2014-04-16 00:00:00-04:00,6.40189,6.53927,6.37834,6.53927,53000,0.0,0.0
2014-04-17 00:00:00-04:00,6.41759,6.53534,6.41759,6.53534,800,0.0,0.0
2014-04-21 00:00:00-04:00,6.52749,6.53534,6.47254,6.47646,1800,0.0,0.0
2014-04-22 00:00:00-04:00,6.51571,6.51571,6.40189,6.44114,2600,0.0,0.0
2014-04-23 00:00:00-04:00,6.44114,6.44114,6.44114,6.44114,0,0.0,0.0
2014-04-24 00:00:00-04:00,6.44114,6.44114,6.44114,6.44114,0,0.0,0.0
2014-04-25 00:00:00-04:00,6.186,6.44114,6.186,6.43721,22600,0.0,0.0
2014-04-28 00:00:00-04:00,6.43721,6.43721,6.43721,6.43721,0,0.0,0.0
2014-04-29 00:00:00-04:00,6.42936,6.43721,6.08395,6.43721,8200,0.0,0.0
2014-04-30 00:00:00-04:00,6.48039,6.48039,6.48039,6.48039,1200,0.0,0.0
2014-05-01 00:00:00-04:00,6.46862,6.63347,6.46862,6.57459,28400,0.0,0.0
2014-05-02 00:00:00-04:00,6.58244,6.62954,6.49609,6.49609,17000,0.0,0.0
2014-05-05 00:00:00-04:00,6.49609,6.62954,6.49609,6.60207,7800,0.0,0.0
2014-05-06 00:00:00-04:00,6.62954,6.62954,6.61777,6.62954,4400,0.0,0.0
2014-05-07 00:00:00-04:00,6.62954,6.62954,6.62954,6.62954,0,0.0,0.0
2014-05-08 00:00:00-04:00,6.62954,6.62954,6.62954,6.62954,0,0.0,0.0
2014-05-09 00:00:00-04:00,6.59422,6.59422,6.49216,6.49609,7200,0.0,0.0
2014-05-12 00:00:00-04:00,6.63791,6.7876,6.62215,6.73639,74800,0.03,0.0
2014-05-13 00:00:00-04:00,6.79942,6.8073,6.6773,6.77185,147800,0.0,0.0
2014-05-14 00:00:00-04:00,6.66942,6.75215,6.66154,6.75215,4400,0.0,0.0
2014-05-15 00:00:00-04:00,6.72852,6.76791,6.70488,6.76791,3200,0.0,0.0
2014-05-16 00:00:00-04:00,6.68124,6.73639,6.6773,6.6773,4000,0.0,0.0
2014-05-19 00:00:00-04:00,6.68912,6.8073,6.68912,6.72064,144000,0.0,0.0
2014-05-20 00:00:00-04:00,6.70488,6.72063,6.70094,6.70488,10600,0.0,0.0
2014-05-21 00:00:00-04:00,6.70488,6.70488,6.70488,6.70488,0,0.0,0.0
2014-05-22 00:00:00-04:00,6.70488,6.76003,6.70488,6.76003,3600,0.0,0.0
2014-05-23 00:00:00-04:00,6.7167,6.73245,6.70094,6.73245,2800,0.0,0.0
2014-05-27 00:00:00-04:00,6.7167,6.75609,6.7167,6.74033,49000,0.0,0.0
2014-05-28 00:00:00-04:00,6.70882,6.72851,6.70094,6.72851,3200,0.0,0.0
2014-05-29 00:00:00-04:00,6.74033,6.74033,6.71276,6.7167,3600,0.0,0.0
2014-05-30 00:00:00-04:00,6.70882,6.75215,6.70882,6.75215,2200,0.0,0.0
2014-06-02 00:00:00-04:00,6.73245,6.77185,6.73245,6.77185,11000,0.0,0.0
2014-06-03 00:00:00-04:00,6.78367,6.82306,6.74427,6.82306,11400,0.0,0.0
2014-06-04 00:00:00-04:00,6.74821,6.76791,6.74427,6.76791,2000,0.0,0.0
2014-06-05 00:00:00-04:00,6.77185,6.79942,6.77185,6.79549,22600,0.0,0.0
2014-06-06 00:00:00-04:00,6.79549,6.79549,6.79549,6.79549,0,0.0,0.0
2014-06-09 00:00:00-04:00,6.74033,6.74033,6.70488,6.71276,13800,0.0,0.0
2014-06-10 00:00:00-04:00,6.70882,6.74033,6.70882,6.72851,9600,0.0,0.0
2014-06-11 00:00:00-04:00,6.72852,6.76397,6.697,6.76397,5600,0.0,0.0
2014-06-12 00:00:00-04:00,6.7167,6.77185,6.7167,6.77185,600,0.0,0.0
2014-06-13 00:00:00-04:00,6.697,6.697,6.697,6.697,200,0.0,0.0
2014-06-16 00:00:00-04:00,6.697,6.697,6.697,6.697,400,0.0,0.0
2014-06-17 00:00:00-04:00,6.697,6.697,6.697,6.697,200,0.0,0.0
2014-06-18 00:00:00-04:00,6.8073,6.8073,6.73639,6.73639,2400,0.0,0.0
2014-06-19 00:00:00-04:00,6.70882,6.77973,6.70094,6.77973,25200,0.0,0.0
2014-06-20 00:00:00-04:00,6.75609,6.85852,6.75609,6.85852,6000,0.0,0.0
2014-06-23 00:00:00-04:00,6.79549,6.94124,6.79549,6.86246,43800,0.0,0.0
2014-06-24 00:00:00-04:00,6.83882,6.90579,6.81912,6.827,3000,0.0,0.0
2014-06-25 00:00:00-04:00,6.85458,6.85458,6.85458,6.85458,1200,0.0,0.0
2014-06-26 00:00:00-04:00,6.89003,6.89003,6.87427,6.88215,1800,0.0,0.0
2014-06-27 00:00:00-04:00,6.85064,6.85458,6.85064,6.85458,6000,0.0,0.0
2014-06-30 00:00:00-04:00,6.85064,6.85458,6.85064,6.85458,18200,0.0,0.0
2014-07-01 00:00:00-04:00,6.77579,6.85458,6.77579,6.85458,15600,0.0,0.0
2014-07-02 00:00:00-04:00,6.79943,6.85458,6.79549,6.85064,11600,0.0,0.0
2014-07-03 00:00:00-04:00,6.85064,6.85064,6.85064,6.85064,0,0.0,0.0
2014-07-07 00:00:00-04:00,6.77973,6.78761,6.72458,6.78761,2400,0.0,0.0
2014-07-08 00:00:00-04:00,6.78761,6.78761,6.78761,6.78761,0,0.0,0.0
2014-07-09 00:00:00-04:00,6.76003,6.76397,6.76003,6.76397,400,0.0,0.0
2014-07-10 00:00:00-04:00,6.69306,6.79154,6.69306,6.72851,2600,0.0,0.0
2014-07-11 00:00:00-04:00,6.72457,6.77973,6.71276,6.72851,15600,0.0,0.0
2014-07-14 00:00:00-04:00,6.72064,6.72458,6.65761,6.6773,1800,0.0,0.0
2014-07-15 00:00:00-04:00,6.76791,6.81518,6.76791,6.81518,1200,0.0,0.0
2014-07-16 00:00:00-04:00,6.70882,6.76791,6.70882,6.76791,400,0.0,0.0
2014-07-17 00:00:00-04:00,6.76791,6.76791,6.76791,6.76791,0,0.0,0.0
2014-07-18 00:00:00-04:00,6.76791,6.76791,6.76791,6.76791,0,0.0,0.0
2014-07-21 00:00:00-04:00,6.64973,6.75609,6.64973,6.75609,7200,0.0,0.0
2014-07-22 00:00:00-04:00,6.72851,6.76397,6.72851,6.74427,8000,0.0,0.0
2014-07-23 00:00:00-04:00,6.72063,6.72851,6.72063,6.72851,3000,0.0,0.0
2014-07-24 00:00:00-04:00,6.72457,6.77185,6.72457,6.72851,2000,0.0,0.0
2014-07-25 00:00:00-04:00,6.697,6.77185,6.68518,6.77185,2400,0.0,0.0
2014-07-28 00:00:00-04:00,6.75609,6.85064,6.72458,6.76003,7600,0.0,0.0
2014-07-29 00:00:00-04:00,6.76003,6.83094,6.76003,6.827,3400,0.0,0.0
2014-07-30 00:00:00-04:00,6.85064,6.85064,6.79155,6.79155,600,0.0,0.0
2014-07-31 00:00:00-04:00,6.73639,6.8073,6.73639,6.79549,5400,0.0,0.0
2014-08-01 00:00:00-04:00,6.81518,6.85064,6.75609,6.8467,16800,0.0,0.0
2014-08-04 00:00:00-04:00,6.77185,6.77973,6.76003,6.77973,1800,0.0,0.0
2014-08-05 00:00:00-04:00,6.69306,6.85457,6.69306,6.72851,6600,0.0,0.0
2014-08-06 00:00:00-04:00,6.83488,6.83488,6.78367,6.78367,600,0.0,0.0
2014-08-07 00:00:00-04:00,6.78367,6.78367,6.78367,6.78367,0,0.0,0.0
2014-08-08 00:00:00-04:00,6.85458,6.85458,6.77579,6.77579,1400,0.0,0.0
2014-08-11 00:00:00-04:00,6.79549,6.81518,6.78367,6.78367,18000,0.0,0.0
2014-08-12 00:00:00-04:00,6.86668,6.86668,6.80343,6.8232,7400,0.03,0.0
2014-08-13 00:00:00-04:00,6.85878,6.87854,6.75599,6.75599,49200,0.0,0.0
2014-08-14 00:00:00-04:00,6.87854,6.87854,6.87854,6.87854,200,0.0,0.0
2014-08-15 00:00:00-04:00,6.87459,6.87854,6.79157,6.79553,12800,0.0,0.0
2014-08-18 00:00:00-04:00,6.83506,6.83901,6.83506,6.83901,4600,0.0,0.0
2014-08-19 00:00:00-04:00,6.87854,6.87854,6.83901,6.83901,2000,0.0,0.0
2014-08-20 00:00:00-04:00,6.87854,6.87854,6.81924,6.81924,1600,0.0,0.0
2014-08-21 00:00:00-04:00,6.83901,6.84296,6.83901,6.83901,8400,0.0,0.0
2014-08-22 00:00:00-04:00,6.83901,6.87459,6.81925,6.83506,5800,0.0,0.0
2014-08-25 00:00:00-04:00,6.87459,6.87459,6.87459,6.87459,400,0.0,0.0
2014-08-26 00:00:00-04:00,6.87459,6.87854,6.86273,6.86273,1200,0.0,0.0
2014-08-27 00:00:00-04:00,6.85878,6.85878,6.85878,6.85878,14400,0.0,0.0
2014-08-28 00:00:00-04:00,6.85878,6.87459,6.85878,6.85878,5000,0.0,0.0
2014-08-29 00:00:00-04:00,6.85878,6.85878,6.85878,6.85878,0,0.0,0.0
2014-09-02 00:00:00-04:00,6.85878,6.85878,6.84297,6.84297,3800,0.0,0.0
2014-09-03 00:00:00-04:00,6.84692,6.85087,6.84692,6.85087,12200,0.0,0.0
2014-09-04 00:00:00-04:00,6.79553,6.8311,6.79553,6.8311,14200,0.0,0.0
2014-09-05 00:00:00-04:00,6.8311,6.8311,6.8311,6.8311,1600,0.0,0.0
2014-09-08 00:00:00-04:00,6.74809,6.81924,6.74809,6.81924,11400,0.0,0.0
2014-09-09 00:00:00-04:00,6.76785,6.81924,6.76785,6.81924,4000,0.0,0.0
2014-09-10 00:00:00-04:00,6.77971,6.8311,6.77971,6.8311,2600,0.0,0.0
2014-09-11 00:00:00-04:00,6.77576,6.81529,6.76786,6.79157,1400,0.0,0.0
2014-09-12 00:00:00-04:00,6.79157,6.79157,6.78762,6.79157,1400,0.0,0.0
2014-09-15 00:00:00-04:00,6.87855,6.87855,6.77972,6.77972,3800,0.0,0.0
2014-09-16 00:00:00-04:00,6.77181,6.79157,6.76786,6.79157,3000,0.0,0.0
2014-09-17 00:00:00-04:00,6.77972,6.77972,6.77972,6.77972,3400,0.0,0.0
2014-09-18 00:00:00-04:00,6.77576,6.77576,6.77576,6.77576,1200,0.0,0.0
2014-09-19 00:00:00-04:00,6.72042,6.87459,6.72042,6.87459,18800,0.0,0.0
2014-09-22 00:00:00-04:00,6.86273,6.86273,6.80343,6.80343,1000,0.0,0.0
2014-09-23 00:00:00-04:00,6.68879,6.77972,6.68484,6.77972,7200,0.0,0.0
2014-09-24 00:00:00-04:00,6.77972,6.77972,6.77972,6.77972,0,0.0,0.0
2014-09-25 00:00:00-04:00,6.6967,6.77971,6.67693,6.75995,19400,0.0,0.0
2014-09-26 00:00:00-04:00,6.72437,6.72832,6.72437,6.72437,4400,0.0,0.0
2014-09-29 00:00:00-04:00,6.68484,6.76785,6.68484,6.7639,1600,0.0,0.0
2014-09-30 00:00:00-04:00,6.75995,6.75995,6.75995,6.75995,600,0.0,0.0
2014-10-01 00:00:00-04:00,6.75995,6.75995,6.68088,6.74018,10400,0.0,0.0
2014-10-02 00:00:00-04:00,6.6967,6.74809,6.68088,6.73228,28200,0.0,0.0
2014-10-03 00:00:00-04:00,6.74018,6.74018,6.68088,6.73623,3400,0.0,0.0
2014-10-06 00:00:00-04:00,6.73623,6.73623,6.59391,6.59391,2200,0.0,0.0
2014-10-07 00:00:00-04:00,6.60182,6.61763,6.60182,6.61763,2000,0.0,0.0
2014-10-08 00:00:00-04:00,6.64135,6.64135,6.53066,6.64135,5000,0.0,0.0
2014-10-09 00:00:00-04:00,6.63345,6.72437,6.63345,6.64135,67200,0.0,0.0
2014-10-10 00:00:00-04:00,6.64135,6.64135,6.64135,6.64135,0,0.0,0.0
2014-10-13 00:00:00-04:00,6.64135,6.64135,6.64135,6.64135,0,0.0,0.0
2014-10-14 00:00:00-04:00,6.64135,6.64135,6.64135,6.64135,0,0.0,0.0
2014-10-15 00:00:00-04:00,6.64135,6.64135,6.64135,6.64135,0,0.0,0.0
2014-10-16 00:00:00-04:00,6.64135,6.64135,6.64135,6.64135,0,0.0,0.0
2014-10-17 00:00:00-04:00,6.62949,6.62949,6.62949,6.62949,600,0.0,0.0
2014-10-20 00:00:00-04:00,6.41602,6.64135,6.41602,6.62949,1600,0.0,0.0
2014-10-21 00:00:00-04:00,6.61763,6.64135,6.61763,6.64135,3000,0.0,0.0
2014-10-22 00:00:00-04:00,6.64135,6.72042,6.64135,6.72042,5000,0.0,0.0
2014-10-23 00:00:00-04:00,6.72042,6.72042,6.72042,6.72042,0,0.0,0.0
2014-10-24 00:00:00-04:00,6.71251,6.75995,6.70065,6.75995,25400,0.0,0.0
2014-10-27 00:00:00-04:00,6.7046,6.75995,6.7046,6.71646,5400,0.0,0.0
2014-10-28 00:00:00-04:00,6.7046,6.87854,6.7046,6.87854,24400,0.0,0.0
2014-10-29 00:00:00-04:00,6.87854,6.87854,6.87854,6.87854,14200,0.0,0.0
2014-10-30 00:00:00-04:00,6.74018,6.83901,6.74018,6.83901,9200,0.0,0.0
2014-10-31 00:00:00-04:00,6.80739,6.86668,6.79157,6.79157,3600,0.0,0.0
2014-11-03 00:00:00-05:00,6.75995,6.75995,6.70065,6.75995,2600,0.0,0.0
2014-11-04 00:00:00-05:00,6.75995,6.75995,6.75995,6.75995,0,0.0,0.0
2014-11-05 00:00:00-05:00,6.81924,6.8232,6.81924,6.81924,8600,0.0,0.0
2014-11-06 00:00:00-05:00,6.81924,6.81924,6.81924,6.81924,0,0.0,0.0
2014-11-07 00:00:00-05:00,6.77181,6.77181,6.75995,6.75995,4200,0.0,0.0
2014-11-10 00:00:00-05:00,6.77971,6.83901,6.75995,6.78367,5800,0.0,0.0
2014-11-11 00:00:00-05:00,6.75995,6.79948,6.75995,6.79948,2600,0.0,0.0
2014-11-12 00:00:00-05:00,6.84312,6.84312,6.84312,6.84312,9800,0.03,0.0
2014-11-13 00:00:00-05:00,6.83122,6.83122,6.83122,6.83122,1600,0.0,0.0
2014-11-14 00:00:00-05:00,6.84312,6.86295,6.84312,6.86295,2400,0.0,0.0
2014-11-17 00:00:00-05:00,6.86295,6.87485,6.85899,6.87089,4400,0.0,0.0
2014-11-18 00:00:00-05:00,6.87089,6.87089,6.87089,6.87089,0,0.0,0.0
2014-11-19 00:00:00-05:00,6.87088,6.88279,6.87088,6.88279,400,0.0,0.0
2014-11-20 00:00:00-05:00,6.89469,6.89469,6.85899,6.87089,1000,0.0,0.0
2014-11-21 00:00:00-05:00,6.87485,6.90262,6.87485,6.89866,8200,0.0,0.0
2014-11-24 00:00:00-05:00,6.90262,6.90262,6.90262,6.90262,4800,0.0,0.0
2014-11-25 00:00:00-05:00,6.90262,6.90262,6.89469,6.89469,3800,0.0,0.0
2014-11-26 00:00:00-05:00,6.90262,6.90262,6.89866,6.89866,600,0.0,0.0
2014-11-28 00:00:00-05:00,6.90262,6.90262,6.90262,6.90262,200,0.0,0.0
2014-12-01 00:00:00-05:00,6.90262,6.90262,6.90262,6.90262,1200,0.0,0.0
2014-12-02 00:00:00-05:00,6.74394,6.89866,6.74394,6.89866,600,0.0,0.0
2014-12-03 00:00:00-05:00,6.37501,6.88279,6.37501,6.88279,6200,0.0,0.0
2014-12-04 00:00:00-05:00,6.89072,6.89072,6.82328,6.82328,5200,0.0,0.0
2014-12-05 00:00:00-05:00,6.77964,6.89072,6.72807,6.89072,12800,0.0,0.0
2014-12-08 00:00:00-05:00,6.89072,6.89072,6.89072,6.89072,0,0.0,0.0
2014-12-09 00:00:00-05:00,6.74791,6.87486,6.74394,6.83122,29400,0.0,0.0
2014-12-10 00:00:00-05:00,6.80345,6.87089,6.80345,6.87089,12600,0.0,0.0
2014-12-11 00:00:00-05:00,6.83915,6.86295,6.82328,6.82328,4800,0.0,0.0
2014-12-12 00:00:00-05:00,6.76378,6.86692,6.76378,6.86692,1000,0.0,0.0
2014-12-15 00:00:00-05:00,6.86295,6.87089,6.85899,6.87089,10200,0.0,0.0
2014-12-16 00:00:00-05:00,6.87089,6.88279,6.86295,6.86295,3000,0.0,0.0
2014-12-17 00:00:00-05:00,6.87882,6.87882,6.82725,6.84312,7800,0.0,0.0
2014-12-18 00:00:00-05:00,6.84708,6.86692,6.84708,6.86692,3200,0.0,0.0
2014-12-19 00:00:00-05:00,6.86295,6.89866,6.86295,6.89866,7800,0.0,0.0
2014-12-22 00:00:00-05:00,6.90262,6.90262,6.87485,6.90262,31400,0.0,0.0
2014-12-23 00:00:00-05:00,6.94626,7.07717,6.90262,7.0018,20800,0.0,0.0
2014-12-24 00:00:00-05:00,7.12081,7.12081,6.97799,7.08114,2600,0.0,0.0
2014-12-26 00:00:00-05:00,7.08114,7.08114,7.08114,7.08114,0,0.0,0.0
2014-12-29 00:00:00-05:00,7.0851,7.0851,7.07717,7.08114,4400,0.0,0.0
2014-12-30 00:00:00-05:00,7.08114,7.08114,7.08114,7.08114,200,0.0,0.0
2014-12-31 00:00:00-05:00,7.13668,7.23982,7.13668,7.23982,4400,0.0,0.0
2015-01-02 00:00:00-05:00,7.23585,7.23982,7.22792,7.23982,3000,0.0,0.0
2015-01-05 00:00:00-05:00,7.23982,7.23982,7.23982,7.23982,1800,0.0,0.0
2015-01-06 00:00:00-05:00,7.23982,7.23982,7.06131,7.21999,6600,0.0,0.0
2015-01-07 00:00:00-05:00,7.07321,7.21999,7.07321,7.21999,1200,0.0,0.0
2015-01-08 00:00:00-05:00,7.21602,7.32709,7.21602,7.32709,2400,0.0,0.0
2015-01-09 00:00:00-05:00,7.37866,7.37866,7.32709,7.32709,1600,0.0,0.0
2015-01-12 00:00:00-05:00,7.33503,7.33503,7.14461,7.14858,13000,0.0,0.0
2015-01-13 00:00:00-05:00,7.33899,7.33899,7.17238,7.19221,19000,0.0,0.0
2015-01-14 00:00:00-05:00,7.18032,7.27156,7.14461,7.14461,31200,0.0,0.0
2015-01-15 00:00:00-05:00,7.37073,7.37073,7.21205,7.23189,5800,0.0,0.0
2015-01-16 00:00:00-05:00,7.23189,7.23189,7.23189,7.23189,0,0.0,0.0
2015-01-20 00:00:00-05:00,7.21602,7.41834,7.21205,7.41834,5800,0.0,0.0
2015-01-21 00:00:00-05:00,7.21205,7.32313,7.21205,7.27156,2600,0.0,0.0
2015-01-22 00:00:00-05:00,7.29536,7.32709,7.29536,7.32709,1200,0.0,0.0
2015-01-23 00:00:00-05:00,7.27155,7.43817,7.14858,7.14858,7400,0.0,0.0
2015-01-26 00:00:00-05:00,7.23585,7.39057,7.14858,7.22792,2000,0.0,0.0
2015-01-27 00:00:00-05:00,7.22792,7.22792,7.22792,7.22792,0,0.0,0.0
2015-01-28 00:00:00-05:00,7.25966,7.25966,7.21999,7.21999,1200,0.0,0.0
2015-01-29 00:00:00-05:00,7.21998,7.21998,7.16444,7.21205,3400,0.0,0.0
2015-01-30 00:00:00-05:00,7.33899,7.43024,7.30726,7.33899,8800,0.0,0.0
2015-02-02 00:00:00-05:00,7.36279,7.43817,7.36279,7.3985,15000,0.0,0.0
2015-02-03 00:00:00-05:00,7.43817,7.53338,7.43817,7.53338,1600,0.0,0.0
2015-02-04 00:00:00-05:00,7.50164,7.53338,7.339,7.47784,25400,0.0,0.0
2015-02-05 00:00:00-05:00,7.52148,7.52148,7.52148,7.52148,800,0.0,0.0
2015-02-06 00:00:00-05:00,7.51751,7.52148,7.43817,7.49767,18400,0.0,0.0
2015-02-09 00:00:00-05:00,7.50164,7.52148,7.49768,7.52148,3600,0.0,0.0
2015-02-10 00:00:00-05:00,7.48168,7.66076,7.44586,7.66076,10600,0.03,0.0
2015-02-11 00:00:00-05:00,7.64883,7.66077,7.56128,7.56128,11000,0.0,0.0
2015-02-12 00:00:00-05:00,7.56127,7.75627,7.56127,7.70454,8000,0.0,0.0
2015-02-13 00:00:00-05:00,7.70454,7.70454,7.70454,7.70454,12200,0.0,0.0
2015-02-17 00:00:00-05:00,7.70454,7.70852,7.68066,7.68066,3600,0.0,0.0
2015-02-18 00:00:00-05:00,7.75628,7.75628,7.75628,7.75628,1000,0.0,0.0
2015-02-19 00:00:00-05:00,7.73638,7.74036,7.73638,7.74036,4200,0.0,0.0
2015-02-20 00:00:00-05:00,7.72842,7.74036,7.72842,7.74036,3400,0.0,0.0
2015-02-23 00:00:00-05:00,7.74036,7.74036,7.7324,7.7324,600,0.0,0.0
2015-02-24 00:00:00-05:00,7.74036,7.74036,7.7324,7.7324,1600,0.0,0.0
2015-02-25 00:00:00-05:00,7.74036,7.74036,7.7324,7.7324,600,0.0,0.0
2015-02-26 00:00:00-05:00,7.70056,7.74036,7.70056,7.74036,1800,0.0,0.0
2015-02-27 00:00:00-05:00,7.74036,7.74036,7.68066,7.68066,3000,0.0,0.0
2015-03-02 00:00:00-05:00,7.74036,7.74036,7.74036,7.74036,200,0.0,0.0
2015-03-03 00:00:00-05:00,7.7324,7.74036,7.72842,7.72842,8800,0.0,0.0
2015-03-04 00:00:00-05:00,7.72842,7.72842,7.72842,7.72842,0,0.0,0.0
2015-03-05 00:00:00-05:00,7.72842,7.72842,7.72842,7.72842,400,0.0,0.0
2015-03-06 00:00:00-05:00,7.74036,7.74036,7.7125,7.7125,8200,0.0,0.0
2015-03-09 00:00:00-04:00,7.74036,7.74036,7.74036,7.74036,600,0.0,0.0
2015-03-10 00:00:00-04:00,7.66076,7.74035,7.66076,7.66474,7000,0.0,0.0
2015-03-11 00:00:00-04:00,7.72842,7.72842,7.6727,7.6727,1600,0.0,0.0
2015-03-12 00:00:00-04:00,7.74036,7.74036,7.74036,7.74036,7000,0.0,0.0
2015-03-13 00:00:00-04:00,7.74036,7.74036,7.74036,7.74036,7600,0.0,0.0
2015-03-16 00:00:00-04:00,7.7324,7.7324,7.7324,7.7324,400,0.0,0.0
2015-03-17 00:00:00-04:00,7.7324,7.7324,7.54138,7.68862,8000,0.0,0.0
2015-03-18 00:00:00-04:00,7.61699,7.6528,7.61699,7.6528,1200,0.0,0.0
2015-03-19 00:00:00-04:00,7.52148,7.68464,7.52148,7.68464,800,0.0,0.0
2015-03-20 00:00:00-04:00,7.67271,7.67271,7.52944,7.52944,2000,0.0,0.0
2015-03-23 00:00:00-04:00,7.61301,7.61301,7.61301,7.61301,800,0.0,0.0
2015-03-24 00:00:00-04:00,7.58913,7.60107,7.52148,7.60107,2400,0.0,0.0
2015-03-25 00:00:00-04:00,7.59709,7.70852,7.56127,7.70852,3200,0.0,0.0
2015-03-26 00:00:00-04:00,7.66077,7.72046,7.66077,7.72046,1200,0.0,0.0
2015-03-27 00:00:00-04:00,7.72842,7.72842,7.72842,7.72842,200,0.0,0.0
2015-03-30 00:00:00-04:00,7.52148,7.72046,7.50556,7.52546,16200,0.0,0.0
2015-03-31 00:00:00-04:00,7.72046,7.72046,7.55729,7.70454,3600,0.0,0.0
2015-04-01 00:00:00-04:00,7.66076,7.66474,7.66076,7.66474,3200,0.0,0.0
2015-04-02 00:00:00-04:00,7.58117,7.58117,7.58117,7.58117,1800,0.0,0.0
2015-04-06 00:00:00-04:00,7.85975,7.85975,7.68464,7.68464,7000,0.0,0.0
2015-04-07 00:00:00-04:00,7.70056,7.70056,7.66076,7.68066,2600,0.0,0.0
2015-04-08 00:00:00-04:00,7.68066,7.84383,7.68066,7.74036,3400,0.0,0.0
2015-04-09 00:00:00-04:00,7.81199,7.82791,7.80005,7.82791,1800,0.0,0.0
2015-04-10 00:00:00-04:00,7.78015,7.85577,7.78015,7.83985,30000,0.0,0.0
2015-04-13 00:00:00-04:00,7.83985,8.35322,7.82393,7.95924,14600,0.0,0.0
2015-04-14 00:00:00-04:00,7.93934,7.93934,7.84383,7.93536,6600,0.0,0.0
2015-04-15 00:00:00-04:00,7.91944,7.97914,7.83985,7.97914,7000,0.0,0.0
2015-04-16 00:00:00-04:00,7.93536,7.97913,7.92342,7.94729,3600,0.0,0.0
2015-04-17 00:00:00-04:00,7.91944,7.95923,7.91944,7.91944,3800,0.0,0.0
2015-04-20 00:00:00-04:00,8.1224,8.1224,7.98311,7.98311,6000,0.0,0.0
2015-04-21 00:00:00-04:00,7.91944,7.97913,7.85975,7.97515,22800,0.0,0.0
2015-04-22 00:00:00-04:00,7.95924,7.97913,7.80801,7.81199,71800,0.0,0.0
2015-04-23 00:00:00-04:00,7.81995,7.94332,7.81995,7.94332,5800,0.0,0.0
2015-04-24 00:00:00-04:00,7.84383,7.93138,7.81995,7.93138,2600,0.0,0.0
2015-04-27 00:00:00-04:00,7.93934,7.93934,7.81995,7.83985,2600,0.0,0.0
2015-04-28 00:00:00-04:00,7.93536,8.48455,7.93536,8.03883,7600,0.0,0.0
2015-04-29 00:00:00-04:00,8.01495,8.01893,7.97914,7.97914,2800,0.0,0.0
2015-04-30 00:00:00-04:00,7.98709,7.99903,7.98709,7.98709,1000,0.0,0.0
2015-05-01 00:00:00-04:00,8.05873,8.46863,8.05873,8.15822,7000,0.0,0.0
2015-05-04 00:00:00-04:00,8.5323,8.71536,8.38903,8.71536,13200,0.0,0.0
2015-05-05 00:00:00-04:00,8.83475,8.83475,8.5323,8.5323,7800,0.0,0.0
2015-05-06 00:00:00-04:00,8.64771,8.64771,8.64373,8.64373,400,0.0,0.0
2015-05-07 00:00:00-04:00,8.71536,8.82281,8.71536,8.82281,1400,0.0,0.0
2015-05-08 00:00:00-04:00,9.05363,9.05363,8.7472,8.7472,5400,0.0,0.0
2015-05-11 00:00:00-04:00,8.73924,9.05363,8.59597,9.05363,6600,0.0,0.0
2015-05-12 00:00:00-04:00,8.78218,8.98178,8.59856,8.78218,20000,0.035,0.0
2015-05-13 00:00:00-04:00,8.78218,8.78218,8.57061,8.60255,4000,0.0,0.0
2015-05-14 00:00:00-04:00,8.60255,9.06161,8.55863,8.78617,5000,0.0,0.0
2015-05-15 00:00:00-04:00,8.54266,8.77419,8.38299,8.77419,3600,0.0,0.0
2015-05-18 00:00:00-04:00,8.7742,8.7742,8.38698,8.38698,6400,0.0,0.0
2015-05-19 00:00:00-04:00,8.40694,8.59057,8.40694,8.41093,7000,0.0,0.0
2015-05-20 00:00:00-04:00,8.48279,8.51473,8.43489,8.48279,7800,0.0,0.0
2015-05-21 00:00:00-04:00,8.58258,8.58258,8.58258,8.58258,3800,0.0,0.0
2015-05-22 00:00:00-04:00,8.86601,8.86601,8.48279,8.53069,5600,0.0,0.0
2015-05-26 00:00:00-04:00,8.53069,8.53069,8.38299,8.52271,3200,0.0,0.0
2015-05-27 00:00:00-04:00,8.5267,9.08158,8.5267,8.59057,3000,0.0,0.0
2015-05-28 00:00:00-04:00,8.59856,8.60255,8.51473,8.60255,2600,0.0,0.0
2015-05-29 00:00:00-04:00,8.46283,8.77819,8.30316,8.48279,3400,0.0,0.0
2015-06-01 00:00:00-04:00,8.48279,8.76222,8.48279,8.76222,13200,0.0,0.0
2015-06-02 00:00:00-04:00,8.55465,9.04166,8.55465,8.78218,6800,0.0,0.0
2015-06-03 00:00:00-04:00,8.9698,8.9698,8.9698,8.9698,1600,0.0,0.0
2015-06-04 00:00:00-04:00,8.99775,9.0217,8.60255,8.60255,4600,0.0,0.0
2015-06-05 00:00:00-04:00,8.90593,8.90593,8.78218,8.78218,3000,0.0,0.0
2015-06-08 00:00:00-04:00,8.46283,8.86202,8.46283,8.86202,4600,0.0,0.0
2015-06-09 00:00:00-04:00,8.93786,8.94186,8.66242,8.71432,7000,0.0,0.0
2015-06-10 00:00:00-04:00,8.66243,9.08158,8.66243,8.98178,11600,0.0,0.0
2015-06-11 00:00:00-04:00,8.68238,9.08158,8.68238,8.71033,8000,0.0,0.0
2015-06-12 00:00:00-04:00,9.05363,9.05363,8.85004,8.85004,800,0.0,0.0
2015-06-15 00:00:00-04:00,9.02169,9.02169,8.8221,8.9219,1200,0.0,0.0
2015-06-16 00:00:00-04:00,8.71033,8.98178,8.69436,8.69436,5800,0.0,0.0
2015-06-17 00:00:00-04:00,8.97379,8.97379,8.71033,8.71033,15600,0.0,0.0
2015-06-18 00:00:00-04:00,8.68238,8.93387,8.68238,8.70633,4800,0.0,0.0
2015-06-19 00:00:00-04:00,8.78617,8.89396,8.71033,8.80214,9800,0.0,0.0
2015-06-22 00:00:00-04:00,8.96182,8.96182,8.70234,8.75823,5600,0.0,0.0
2015-06-23 00:00:00-04:00,8.7742,8.90593,8.7223,8.7223,17200,0.0,0.0
2015-06-24 00:00:00-04:00,8.82609,8.82609,8.82609,8.82609,200,0.0,0.0
2015-06-25 00:00:00-04:00,8.88198,8.88198,8.70235,8.78218,7600,0.0,0.0
2015-06-26 00:00:00-04:00,8.70634,8.77819,8.58259,8.7223,24400,0.0,0.0
2015-06-29 00:00:00-04:00,8.58657,8.7223,8.58657,8.65044,6000,0.0,0.0
2015-06-30 00:00:00-04:00,8.96182,8.96182,8.96182,8.96182,600,0.0,0.0
2015-07-01 00:00:00-04:00,8.88198,8.88198,8.68238,8.68238,2600,0.0,0.0
2015-07-02 00:00:00-04:00,8.60255,8.81013,8.60255,8.65444,9400,0.0,0.0
2015-07-06 00:00:00-04:00,8.78218,8.78218,8.78218,8.78218,400,0.0,0.0
2015-07-07 00:00:00-04:00,8.70234,8.78218,8.6265,8.6265,5000,0.0,0.0
2015-07-08 00:00:00-04:00,8.60255,8.77819,8.60255,8.76222,1600,0.0,0.0
2015-07-09 00:00:00-04:00,8.76222,8.76222,8.76222,8.76222,0,0.0,0.0
2015-07-10 00:00:00-04:00,8.86202,8.95783,8.6744,8.6744,12400,0.0,0.0
2015-07-13 00:00:00-04:00,8.78218,8.83008,8.66242,8.66242,3000,0.0,0.0
2015-07-14 00:00:00-04:00,8.68238,8.89794,8.66242,8.68238,10000,0.0,0.0
2015-07-15 00:00:00-04:00,8.78218,8.78218,8.78218,8.78218,800,0.0,0.0
2015-07-16 00:00:00-04:00,8.71432,8.76222,8.69037,8.69037,5200,0.0,0.0
2015-07-17 00:00:00-04:00,8.68238,8.75424,8.68238,8.69037,10600,0.0,0.0
2015-07-20 00:00:00-04:00,8.65444,8.73428,8.64247,8.65444,6800,0.0,0.0
2015-07-21 00:00:00-04:00,8.67839,8.69037,8.67839,8.69037,2400,0.0,0.0
2015-07-22 00:00:00-04:00,8.76621,8.76621,8.68238,8.73428,1000,0.0,0.0
2015-07-23 00:00:00-04:00,8.73428,8.73428,8.73428,8.73428,0,0.0,0.0
2015-07-24 00:00:00-04:00,8.73428,8.73428,8.73428,8.73428,0,0.0,0.0
2015-07-27 00:00:00-04:00,8.69436,8.73428,8.69436,8.73029,4800,0.0,0.0
2015-07-28 00:00:00-04:00,8.87798,8.87798,8.67839,8.68238,12400,0.0,0.0
2015-07-29 00:00:00-04:00,8.78218,9.09355,8.78218,8.98178,46800,0.0,0.0
2015-07-30 00:00:00-04:00,9.04165,9.27318,9.04165,9.27318,95400,0.0,0.0
2015-07-31 00:00:00-04:00,9.38097,9.38097,9.08157,9.25722,19600,0.0,0.0
2015-08-03 00:00:00-04:00,9.26121,9.55262,9.18137,9.28516,18200,0.0,0.0
2015-08-04 00:00:00-04:00,9.28117,9.49673,9.08158,9.36101,15400,0.0,0.0
2015-08-05 00:00:00-04:00,9.18536,9.57258,9.18137,9.29314,58400,0.0,0.0
2015-08-06 00:00:00-04:00,9.29314,9.54064,9.29314,9.54064,7200,0.0,0.0
2015-08-07 00:00:00-04:00,9.5606,9.5606,9.32109,9.46081,9600,0.0,0.0
2015-08-10 00:00:00-04:00,9.32468,9.58492,9.31266,9.47281,4200,0.035,0.0
2015-08-11 00:00:00-04:00,9.44879,9.44879,9.44879,9.44879,1000,0.0,0.0
2015-08-12 00:00:00-04:00,9.40875,9.40875,9.29265,9.39674,18200,0.0,0.0
2015-08-13 00:00:00-04:00,9.40876,9.40876,9.40876,9.40876,200,0.0,0.0
2015-08-14 00:00:00-04:00,9.30866,9.49684,9.30065,9.49684,2000,0.0,0.0
2015-08-17 00:00:00-04:00,9.28064,9.50885,9.28064,9.41276,11000,0.0,0.0
2015-08-18 00:00:00-04:00,9.42877,9.42877,9.40075,9.40075,3400,0.0,0.0
2015-08-19 00:00:00-04:00,9.28064,9.28064,9.28064,9.28064,1000,0.0,0.0
2015-08-20 00:00:00-04:00,9.28864,9.28864,9.28864,9.28864,400,0.0,0.0
2015-08-21 00:00:00-04:00,9.20857,9.3447,9.20857,9.3447,8000,0.0,0.0
2015-08-24 00:00:00-04:00,9.20857,9.34469,9.01239,9.01239,1600,0.0,0.0
2015-08-25 00:00:00-04:00,9.12049,9.26062,9.09246,9.11248,7800,0.0,0.0
2015-08-26 00:00:00-04:00,9.10848,9.28864,9.10848,9.28064,4400,0.0,0.0
2015-08-27 00:00:00-04:00,9.30866,9.30866,9.20857,9.28864,6600,0.0,0.0
2015-08-28 00:00:00-04:00,9.09246,9.51686,9.09246,9.28864,2200,0.0,0.0
2015-08-31 00:00:00-04:00,9.20857,9.32068,9.20857,9.30866,8600,0.0,0.0
2015-09-01 00:00:00-04:00,9.26862,9.26862,9.18855,9.24861,12400,0.0,0.0
2015-09-02 00:00:00-04:00,9.28865,9.29265,9.18855,9.21257,26800,0.0,0.0
2015-09-03 00:00:00-04:00,9.21258,9.31267,9.21258,9.28464,5600,0.0,0.0
2015-09-04 00:00:00-04:00,9.19656,9.21658,9.19656,9.21658,400,0.0,0.0
2015-09-08 00:00:00-04:00,9.32468,9.32468,9.2446,9.2446,2600,0.0,0.0
2015-09-09 00:00:00-04:00,9.28864,9.28864,9.28064,9.28864,1800,0.0,0.0
2015-09-10 00:00:00-04:00,9.28864,9.28864,9.28864,9.28864,0,0.0,0.0
2015-09-11 00:00:00-04:00,9.28464,9.28464,9.20857,9.28064,1200,0.0,0.0
2015-09-14 00:00:00-04:00,9.28064,9.28064,9.28064,9.28064,8800,0.0,0.0
2015-09-15 00:00:00-04:00,9.22859,9.28064,9.22859,9.28064,2800,0.0,0.0
2015-09-16 00:00:00-04:00,9.28464,9.30866,9.28464,9.30866,11200,0.0,0.0
2015-09-17 00:00:00-04:00,9.11248,9.40075,9.11248,9.31667,20800,0.0,0.0
2015-09-18 00:00:00-04:00,9.32868,9.49283,9.26863,9.49283,9000,0.0,0.0
2015-09-21 00:00:00-04:00,9.5649,9.5649,9.40876,9.44879,12000,0.0,0.0
2015-09-22 00:00:00-04:00,9.44879,9.44879,9.44879,9.44879,1200,0.0,0.0
2015-09-23 00:00:00-04:00,9.41276,9.72505,9.40876,9.50885,21200,0.0,0.0
2015-09-24 00:00:00-04:00,9.50885,9.52887,9.40875,9.52887,2800,0.0,0.0
2015-09-25 00:00:00-04:00,9.42077,9.52887,9.40876,9.40876,8600,0.0,0.0
2015-09-28 00:00:00-04:00,9.36472,9.50885,9.36472,9.47682,12000,0.0,0.0
2015-09-29 00:00:00-04:00,9.41276,9.54889,9.22859,9.44078,12800,0.0,0.0
2015-09-30 00:00:00-04:00,9.44078,9.44078,9.44078,9.44078,0,0.0,0.0
2015-10-01 00:00:00-04:00,9.44078,9.44078,9.44078,9.44078,0,0.0,0.0
2015-10-02 00:00:00-04:00,9.44078,9.44078,9.44078,9.44078,0,0.0,0.0
2015-10-05 00:00:00-04:00,9.44879,9.55689,9.44879,9.55689,3800,0.0,0.0
2015-10-06 00:00:00-04:00,9.40075,9.40075,9.40075,9.40075,200,0.0,0.0
2015-10-07 00:00:00-04:00,9.20857,9.42877,9.20857,9.42077,5400,0.0,0.0
2015-10-08 00:00:00-04:00,9.4608,9.50885,9.4608,9.50885,400,0.0,0.0
2015-10-09 00:00:00-04:00,9.54088,9.60894,9.54088,9.57691,1400,0.0,0.0
2015-10-12 00:00:00-04:00,9.49684,9.60894,9.48883,9.60894,2000,0.0,0.0
2015-10-13 00:00:00-04:00,9.60894,9.63697,9.49684,9.63697,1200,0.0,0.0
2015-10-14 00:00:00-04:00,9.63697,9.63697,9.63697,9.63697,0,0.0,0.0
2015-10-15 00:00:00-04:00,9.60894,9.60894,9.59293,9.60093,3000,0.0,0.0
2015-10-16 00:00:00-04:00,9.53287,9.60894,9.53287,9.60894,800,0.0,0.0
2015-10-19 00:00:00-04:00,9.52887,9.52887,9.48883,9.52086,10000,0.0,0.0
2015-10-20 00:00:00-04:00,9.60894,9.60894,9.54888,9.54888,5000,0.0,0.0
2015-10-21 00:00:00-04:00,9.60894,9.63697,9.59293,9.62496,7800,0.0,0.0
2015-10-22 00:00:00-04:00,9.48483,9.60494,9.4528,9.4528,11000,0.0,0.0
2015-10-23 00:00:00-04:00,9.62095,9.63697,9.60494,9.63697,3800,0.0,0.0
2015-10-26 00:00:00-04:00,9.72505,10.24954,9.48883,10.21351,11600,0.0,0.0
2015-10-27 00:00:00-04:00,10.16947,10.2015,9.84116,10.19749,4000,0.0,0.0
2015-10-28 00:00:00-04:00,10.23753,10.60587,9.9933,10.60587,13600,0.0,0.0
2015-10-29 00:00:00-04:00,10.32961,10.40969,10.32961,10.38967,23600,0.0,0.0
2015-10-30 00:00:00-04:00,10.48576,10.48976,10.25354,10.25354,5200,0.0,0.0
2015-11-02 00:00:00-05:00,10.2095,10.38567,10.18948,10.22952,14200,0.0,0.0
2015-11-03 00:00:00-05:00,10.22952,10.34563,10.04936,10.04936,8600,0.0,0.0
2015-11-04 00:00:00-05:00,10.32961,10.35764,10.28157,10.28157,5000,0.0,0.0
2015-11-05 00:00:00-05:00,10.35363,10.35363,10.35363,10.35363,800,0.0,0.0
2015-11-06 00:00:00-05:00,10.34561,10.35765,10.34561,10.35765,800,0.035,0.0
2015-11-09 00:00:00-05:00,10.43794,10.43794,10.4259,10.43794,5000,0.0,0.0
2015-11-10 00:00:00-05:00,10.37371,10.3978,10.32553,10.33356,6000,0.0,0.0
2015-11-11 00:00:00-05:00,10.43794,10.43794,10.33758,10.33758,2200,0.0,0.0
2015-11-12 00:00:00-05:00,10.15291,10.15291,10.15291,10.15291,200,0.0,0.0
2015-11-13 00:00:00-05:00,10.22115,10.33758,10.21714,10.25327,8000,0.0,0.0
2015-11-16 00:00:00-05:00,10.29743,10.29743,10.29743,10.29743,2000,0.0,0.0
2015-11-17 00:00:00-05:00,10.23721,10.33758,10.23721,10.26933,4600,0.0,0.0
2015-11-18 00:00:00-05:00,10.24524,10.32955,10.23721,10.26933,7600,0.0,0.0
2015-11-19 00:00:00-05:00,10.26933,10.26933,10.26933,10.26933,0,0.0,0.0
2015-11-20 00:00:00-05:00,10.32152,10.33758,10.32152,10.32955,2800,0.0,0.0
2015-11-23 00:00:00-05:00,10.33758,10.43794,10.33758,10.43794,5600,0.0,0.0
2015-11-24 00:00:00-05:00,10.43794,10.43794,10.43794,10.43794,2200,0.0,0.0
2015-11-25 00:00:00-05:00,10.47809,10.47809,10.43794,10.43794,4200,0.0,0.0
2015-11-27 00:00:00-05:00,10.43393,10.43393,10.43393,10.43393,1000,0.0,0.0
2015-11-30 00:00:00-05:00,10.43794,10.43794,10.43794,10.43794,600,0.0,0.0
2015-12-01 00:00:00-05:00,10.41385,10.41385,10.34159,10.34159,2000,0.0,0.0
2015-12-02 00:00:00-05:00,10.34159,10.40181,10.34159,10.40181,3400,0.0,0.0
2015-12-03 00:00:00-05:00,10.32553,10.41787,10.32553,10.34561,21600,0.0,0.0
2015-12-04 00:00:00-05:00,10.43794,10.43794,10.34159,10.43794,12200,0.0,0.0
2015-12-07 00:00:00-05:00,10.37371,10.41787,10.34561,10.41386,15000,0.0,0.0
2015-12-08 00:00:00-05:00,10.33356,10.33356,10.23721,10.30145,30800,0.0,0.0
2015-12-09 00:00:00-05:00,10.29744,10.35765,10.24123,10.24123,3800,0.0,0.0
2015-12-10 00:00:00-05:00,10.28137,10.28137,10.23721,10.23721,2800,0.0,0.0
2015-12-11 00:00:00-05:00,10.24524,10.24524,10.23721,10.23721,6800,0.0,0.0
2015-12-14 00:00:00-05:00,10.34159,10.34159,10.34159,10.34159,400,0.0,0.0
2015-12-15 00:00:00-05:00,10.34159,10.34159,10.34159,10.34159,200,0.0,0.0
2015-12-16 00:00:00-05:00,10.13685,10.33758,10.03648,10.19305,6400,0.0,0.0
2015-12-17 00:00:00-05:00,10.04451,10.13685,9.89597,10.13685,3000,0.0,0.0
2015-12-18 00:00:00-05:00,10.05254,10.2332,10.03648,10.12079,5400,0.0,0.0
2015-12-21 00:00:00-05:00,9.97626,10.35765,9.97626,10.23721,14600,0.0,0.0
2015-12-22 00:00:00-05:00,10.10072,10.32955,10.0967,10.10875,37600,0.0,0.0
2015-12-23 00:00:00-05:00,10.03648,10.13685,10.03648,10.13685,1200,0.0,0.0
2015-12-24 00:00:00-05:00,10.13685,10.23721,10.13685,10.23721,400,0.0,0.0
2015-12-28 00:00:00-05:00,10.33758,10.33758,10.29743,10.29743,1600,0.0,0.0
2015-12-29 00:00:00-05:00,10.26933,10.26933,10.26933,10.26933,1200,0.0,0.0
2015-12-30 00:00:00-05:00,10.23721,10.43794,10.23721,10.41386,50400,0.0,0.0
2015-12-31 00:00:00-05:00,10.34962,10.43794,10.34962,10.43794,1200,0.0,0.0
2016-01-04 00:00:00-05:00,10.33758,10.34962,10.03648,10.18502,31800,0.0,0.0
2016-01-05 00:00:00-05:00,10.19707,10.43794,10.16495,10.43794,30800,0.0,0.0
2016-01-06 00:00:00-05:00,10.53831,10.58247,10.43794,10.58247,9000,0.0,0.0
2016-01-07 00:00:00-05:00,10.41385,10.43794,10.26531,10.26531,2000,0.0,0.0
2016-01-08 00:00:00-05:00,10.18101,10.2894,10.18101,10.28539,11600,0.0,0.0
2016-01-11 00:00:00-05:00,10.18502,10.21714,10.17699,10.17699,4400,0.0,0.0
2016-01-12 00:00:00-05:00,10.16495,10.16495,10.03649,10.03649,12000,0.0,0.0
2016-01-13 00:00:00-05:00,10.03648,10.03648,9.83575,9.99633,9000,0.0,0.0
2016-01-14 00:00:00-05:00,9.97225,9.97225,9.64305,9.96422,4800,0.0,0.0
2016-01-15 00:00:00-05:00,9.7394,10.14086,8.85218,9.83575,38000,0.0,0.0
2016-01-19 00:00:00-05:00,9.63502,9.89196,9.38211,9.63502,18800,0.0,0.0
2016-01-20 00:00:00-05:00,9.53466,9.53466,9.24561,9.37809,13200,0.0,0.0
2016-01-21 00:00:00-05:00,9.26167,9.42225,9.24159,9.37407,9000,0.0,0.0
2016-01-22 00:00:00-05:00,9.39415,9.45437,9.33393,9.44634,8200,0.0,0.0
2016-01-25 00:00:00-05:00,9.43429,9.44232,9.0248,9.44232,12600,0.0,0.0
2016-01-26 00:00:00-05:00,9.39013,9.39013,9.28174,9.38211,5200,0.0,0.0
2016-01-27 00:00:00-05:00,9.43831,9.43831,9.34597,9.34597,7600,0.0,0.0
2016-01-28 00:00:00-05:00,9.41823,9.55072,9.41823,9.54269,3000,0.0,0.0
2016-01-29 00:00:00-05:00,9.61495,10.02845,9.55473,9.93612,19600,0.0,0.0
2016-02-01 00:00:00-05:00,10.01641,10.06459,9.83575,9.83575,76800,0.0,0.0
2016-02-02 00:00:00-05:00,9.70327,9.70327,9.70327,9.70327,1400,0.0,0.0
2016-02-03 00:00:00-05:00,9.67517,9.83575,9.67517,9.73538,8000,0.0,0.0
2016-02-04 00:00:00-05:00,9.58283,9.86787,9.58283,9.75145,14600,0.0,0.0
2016-02-05 00:00:00-05:00,9.64305,9.92809,9.53466,9.55875,22200,0.0,0.0
2016-02-08 00:00:00-05:00,9.66343,9.86476,9.40172,9.66343,109600,0.035,0.0
2016-02-09 00:00:00-05:00,9.72383,9.76812,9.72383,9.74396,9800,0.0,0.0
2016-02-10 00:00:00-05:00,9.69564,9.71578,9.69564,9.71578,600,0.0,0.0
2016-02-11 00:00:00-05:00,9.46211,9.73188,9.46211,9.66343,12200,0.0,0.0
2016-02-12 00:00:00-05:00,9.66343,9.82449,9.66343,9.82449,9200,0.0,0.0
2016-02-16 00:00:00-05:00,9.59498,9.82449,9.59096,9.69967,51800,0.0,0.0
2016-02-17 00:00:00-05:00,9.72383,9.76007,9.65941,9.76007,13800,0.0,0.0
2016-02-18 00:00:00-05:00,9.59498,9.69565,9.56277,9.69565,4200,0.0,0.0
2016-02-19 00:00:00-05:00,9.60706,9.62317,9.60304,9.62317,1200,0.0,0.0
2016-02-22 00:00:00-05:00,9.69967,9.77215,9.56277,9.76007,20000,0.0,0.0
2016-02-23 00:00:00-05:00,9.67954,9.75604,9.67954,9.74799,13200,0.0,0.0
2016-02-24 00:00:00-05:00,9.67954,9.82449,9.67954,9.82449,11200,0.0,0.0
2016-02-25 00:00:00-05:00,9.82449,9.82449,9.73591,9.78423,15400,0.0,0.0
2016-02-26 00:00:00-05:00,9.74799,9.78423,9.74799,9.7802,5600,0.0,0.0
2016-02-29 00:00:00-05:00,9.79228,9.87683,9.76409,9.82449,14400,0.0,0.0
2016-03-01 00:00:00-05:00,9.7963,9.89294,9.50237,9.88891,24800,0.0,0.0
2016-03-02 00:00:00-05:00,9.88891,10.35598,9.88891,10.16271,17000,0.0,0.0
2016-03-03 00:00:00-05:00,10.13452,10.43651,9.95333,10.16674,5200,0.0,0.0
2016-03-04 00:00:00-05:00,10.2835,10.66199,10.15466,10.29558,16400,0.0,0.0
2016-03-07 00:00:00-05:00,10.28753,10.28753,10.25934,10.25934,2800,0.0,0.0
2016-03-08 00:00:00-05:00,10.30766,10.30766,10.17076,10.17076,7600,0.0,0.0
2016-03-09 00:00:00-05:00,10.21103,10.32377,10.21103,10.22311,9200,0.0,0.0
2016-03-10 00:00:00-05:00,10.22311,10.22311,10.19492,10.19492,1800,0.0,0.0
2016-03-11 00:00:00-05:00,10.11439,10.14258,10.11439,10.11439,8000,0.0,0.0
2016-03-14 00:00:00-04:00,10.10231,10.10231,10.09829,10.09829,800,0.0,0.0
2016-03-15 00:00:00-04:00,10.03386,10.04594,10.03386,10.04594,2400,0.0,0.0
2016-03-16 00:00:00-04:00,9.87684,9.92918,9.87281,9.87281,2800,0.0,0.0
2016-03-17 00:00:00-04:00,9.9171,10.23519,9.9171,10.23519,23200,0.0,0.0
2016-03-18 00:00:00-04:00,10.10634,10.2674,10.10634,10.2674,77400,0.0,0.0
2016-03-21 00:00:00-04:00,10.15869,10.207,10.14661,10.207,8000,0.0,0.0
2016-03-22 00:00:00-04:00,10.11842,10.207,10.11842,10.207,8800,0.0,0.0
2016-03-23 00:00:00-04:00,10.16674,10.16674,10.054,10.054,1000,0.0,0.0
2016-03-24 00:00:00-04:00,10.06608,10.06608,10.06608,10.06608,800,0.0,0.0
2016-03-28 00:00:00-04:00,10.10231,10.10634,10.10231,10.10634,800,0.0,0.0
2016-03-29 00:00:00-04:00,10.06608,10.06608,10.06608,10.06608,400,0.0,0.0
2016-03-30 00:00:00-04:00,10.06608,10.12647,10.06608,10.12647,1800,0.0,0.0
2016-03-31 00:00:00-04:00,10.10634,10.207,10.10634,10.14258,5000,0.0,0.0
2016-04-01 00:00:00-04:00,10.12245,10.22713,10.12245,10.22713,7200,0.0,0.0
2016-04-04 00:00:00-04:00,10.22713,10.22713,9.91307,9.91307,15600,0.0,0.0
2016-04-05 00:00:00-04:00,10.06608,10.10634,10.06608,10.06608,5600,0.0,0.0
2016-04-06 00:00:00-04:00,10.06607,10.20297,10.06607,10.16674,6800,0.0,0.0
2016-04-07 00:00:00-04:00,10.19492,10.19492,9.92918,9.92918,2800,0.0,0.0
2016-04-08 00:00:00-04:00,10.00568,10.01373,9.86475,9.91307,15200,0.0,0.0
2016-04-11 00:00:00-04:00,9.90905,10.04595,9.90905,9.98958,13400,0.0,0.0
2016-04-12 00:00:00-04:00,9.92515,9.95736,9.89294,9.95736,8000,0.0,0.0
2016-04-13 00:00:00-04:00,10.00165,10.14258,10.00165,10.10634,12000,0.0,0.0
2016-04-14 00:00:00-04:00,10.06205,10.13453,10.04594,10.06608,8000,0.0,0.0
2016-04-15 00:00:00-04:00,9.86475,10.16271,9.86475,9.97749,9000,0.0,0.0
2016-04-18 00:00:00-04:00,9.98152,10.18687,9.95736,10.054,9000,0.0,0.0
2016-04-19 00:00:00-04:00,10.19492,10.22713,10.13855,10.18284,10200,0.0,0.0
2016-04-20 00:00:00-04:00,10.22311,10.22713,10.18687,10.18687,6000,0.0,0.0
2016-04-21 00:00:00-04:00,10.20297,10.207,10.18284,10.18687,9600,0.0,0.0
2016-04-22 00:00:00-04:00,10.21908,10.21908,10.15868,10.15868,1000,0.0,0.0
2016-04-25 00:00:00-04:00,10.16674,10.22713,10.16674,10.207,5200,0.0,0.0
2016-04-26 00:00:00-04:00,10.21103,10.21103,10.21103,10.21103,200,0.0,0.0
2016-04-27 00:00:00-04:00,10.22713,10.22713,10.1909,10.21908,2200,0.0,0.0
2016-04-28 00:00:00-04:00,10.21908,10.26337,10.19492,10.26337,25400,0.0,0.0
2016-04-29 00:00:00-04:00,10.25129,10.25129,9.89294,10.1305,29400,0.0,0.0
2016-05-02 00:00:00-04:00,10.14258,10.2674,9.91307,9.91307,19600,0.0,0.0
2016-05-03 00:00:00-04:00,9.86073,10.22311,9.86073,10.06608,7400,0.0,0.0
2016-05-04 00:00:00-04:00,9.81241,10.0701,9.81241,10.0701,3800,0.0,0.0
2016-05-05 00:00:00-04:00,10.09426,10.25532,9.86878,9.86878,28600,0.0,0.0
2016-05-06 00:00:00-04:00,10.02179,10.16674,9.79228,10.06608,64600,0.0,0.0
2016-05-09 00:00:00-04:00,10.1065,10.1065,9.91246,9.98927,16200,0.05,0.0
2016-05-10 00:00:00-04:00,10.04991,10.10246,9.96906,9.98523,10000,0.0,0.0
2016-05-11 00:00:00-04:00,9.98523,10.04586,9.98523,9.99331,8400,0.0,0.0
2016-05-12 00:00:00-04:00,9.92863,10.02565,9.90438,9.90438,8600,0.0,0.0
2016-05-13 00:00:00-04:00,9.9448,9.94884,9.90438,9.90438,12800,0.0,0.0
2016-05-16 00:00:00-04:00,9.84373,10.14289,9.84373,9.8882,6800,0.0,0.0
2016-05-17 00:00:00-04:00,9.89224,9.9731,9.86395,9.86799,15000,0.0,0.0
2016-05-18 00:00:00-04:00,10.05395,10.05395,9.88416,9.88416,20600,0.0,0.0
2016-05-19 00:00:00-04:00,9.95289,10.05799,9.90842,10.05799,2000,0.0,0.0
2016-05-20 00:00:00-04:00,10.04182,10.09438,10.0297,10.04587,3800,0.0,0.0
2016-05-23 00:00:00-04:00,9.98927,10.05799,9.98927,9.98927,1600,0.0,0.0
2016-05-24 00:00:00-04:00,10.10246,10.12672,10.01757,10.09438,8600,0.0,0.0
2016-05-25 00:00:00-04:00,10.06608,10.06608,9.89224,9.99735,3400,0.0,0.0
2016-05-26 00:00:00-04:00,9.99735,9.99735,9.99735,9.99735,0,0.0,0.0
2016-05-27 00:00:00-04:00,10.03374,10.04991,10.03374,10.04991,35200,0.0,0.0
2016-05-31 00:00:00-04:00,10.05799,10.05799,10.05799,10.05799,1400,0.0,0.0
2016-06-01 00:00:00-04:00,9.92054,10.03778,9.92054,10.02161,86000,0.0,0.0
2016-06-02 00:00:00-04:00,10.08629,10.09841,10.02969,10.02969,35800,0.0,0.0
2016-06-03 00:00:00-04:00,9.98118,10.07416,9.98118,10.04587,22000,0.0,0.0
2016-06-06 00:00:00-04:00,10.04586,10.14288,10.02565,10.14288,17000,0.0,0.0
2016-06-07 00:00:00-04:00,10.14289,10.16714,10.14289,10.14693,3000,0.0,0.0
2016-06-08 00:00:00-04:00,10.1065,10.17523,10.1065,10.17523,12800,0.0,0.0
2016-06-09 00:00:00-04:00,10.17523,10.2965,10.17523,10.2965,6800,0.0,0.0
2016-06-10 00:00:00-04:00,10.28842,10.3248,10.20757,10.30863,106600,0.0,0.0
2016-06-13 00:00:00-04:00,10.13884,10.28438,10.13884,10.23991,3600,0.0,0.0
2016-06-14 00:00:00-04:00,10.23991,10.25608,10.23991,10.25608,1600,0.0,0.0
2016-06-15 00:00:00-04:00,10.22778,10.41374,10.22778,10.4097,11800,0.0,0.0
2016-06-16 00:00:00-04:00,10.32884,10.4097,10.27225,10.4097,2400,0.0,0.0
2016-06-17 00:00:00-04:00,10.49863,10.51076,10.49863,10.51076,3200,0.0,0.0
2016-06-20 00:00:00-04:00,10.17118,10.51076,10.17118,10.51076,5400,0.0,0.0
2016-06-21 00:00:00-04:00,10.51076,10.51076,10.3531,10.47842,4400,0.0,0.0
2016-06-22 00:00:00-04:00,10.49863,10.61587,10.47034,10.51076,5200,0.0,0.0
2016-06-23 00:00:00-04:00,10.60779,10.60779,10.47438,10.47842,6400,0.0,0.0
2016-06-24 00:00:00-04:00,10.31268,10.38544,10.25608,10.32076,45600,0.0,0.0
2016-06-27 00:00:00-04:00,10.3248,10.3248,10.20757,10.20757,28000,0.0,0.0
2016-06-28 00:00:00-04:00,10.1631,10.26416,10.1631,10.25203,20600,0.0,0.0
2016-06-29 00:00:00-04:00,10.25204,10.28842,10.248,10.28842,5400,0.0,0.0
2016-06-30 00:00:00-04:00,10.24799,10.30459,10.24799,10.24799,3200,0.0,0.0
2016-07-01 00:00:00-04:00,10.28034,10.30863,10.21161,10.21161,4600,0.0,0.0
2016-07-05 00:00:00-04:00,10.2197,10.45821,10.18735,10.32076,13200,0.0,0.0
2016-07-06 00:00:00-04:00,10.29246,10.29246,10.1914,10.25608,2000,0.0,0.0
2016-07-07 00:00:00-04:00,10.24799,10.38949,10.24799,10.38949,9200,0.0,0.0
2016-07-08 00:00:00-04:00,10.26821,10.32884,10.26821,10.32884,2000,0.0,0.0
2016-07-11 00:00:00-04:00,10.32076,10.38949,10.32076,10.38949,30200,0.0,0.0
2016-07-12 00:00:00-04:00,10.34906,10.61587,10.34906,10.51076,23600,0.0,0.0
2016-07-13 00:00:00-04:00,10.438,10.50672,10.34906,10.34906,15600,0.0,0.0
2016-07-14 00:00:00-04:00,10.39353,10.47842,10.37736,10.47034,3600,0.0,0.0
2016-07-15 00:00:00-04:00,10.33693,10.47034,10.30055,10.4663,8000,0.0,0.0
2016-07-18 00:00:00-04:00,10.39353,10.39353,10.39353,10.39353,600,0.0,0.0
2016-07-19 00:00:00-04:00,10.15906,10.39353,10.15906,10.3814,2800,0.0,0.0
2016-07-20 00:00:00-04:00,10.32884,10.32884,10.32884,10.32884,2000,0.0,0.0
2016-07-21 00:00:00-04:00,10.34906,10.34906,10.34097,10.34097,600,0.0,0.0
2016-07-22 00:00:00-04:00,10.32884,10.32884,10.32884,10.32884,200,0.0,0.0
2016-07-25 00:00:00-04:00,10.32884,10.32884,10.32884,10.32884,0,0.0,0.0
2016-07-26 00:00:00-04:00,10.30863,10.34906,10.2965,10.30863,19200,0.0,0.0
2016-07-27 00:00:00-04:00,10.30863,10.30863,10.30863,10.30863,600,0.0,0.0
2016-07-28 00:00:00-04:00,10.30863,10.89885,10.30863,10.80587,37600,0.0,0.0
2016-07-29 00:00:00-04:00,10.83417,10.95141,10.82204,10.83417,16200,0.0,0.0
2016-08-01 00:00:00-04:00,10.85034,10.99587,10.85034,10.91906,25200,0.0,0.0
2016-08-02 00:00:00-04:00,10.92311,10.99183,10.92311,10.99183,2400,0.0,0.0
2016-08-03 00:00:00-04:00,11.10907,11.15758,10.93119,11.05247,7000,0.0,0.0
2016-08-04 00:00:00-04:00,11.08077,11.2263,11.08077,11.2263,5000,0.0,0.0
2016-08-05 00:00:00-04:00,11.14545,11.25864,11.14545,11.23843,10400,0.0,0.0
2016-08-08 00:00:00-04:00,11.23843,11.29099,11.22631,11.24248,19000,0.0,0.0
2016-08-09 00:00:00-04:00,11.2587,11.29927,11.2587,11.29927,1200,0.05,0.0
2016-08-10 00:00:00-04:00,11.29116,11.30739,11.27899,11.29927,4000,0.0,0.0
2016-08-11 00:00:00-04:00,11.3439,11.35608,10.77184,10.99093,49400,0.0,0.0
2016-08-12 00:00:00-04:00,11.13698,11.17756,11.03961,11.17756,9000,0.0,0.0
2016-08-15 00:00:00-04:00,11.21813,11.21813,11.19379,11.19784,3200,0.0,0.0
2016-08-16 00:00:00-04:00,11.19784,11.19784,11.19784,11.19784,0,0.0,0.0
2016-08-17 00:00:00-04:00,11.19784,11.19784,11.19784,11.19784,0,0.0,0.0
2016-08-18 00:00:00-04:00,11.19784,11.29927,11.19784,11.29927,4400,0.0,0.0
2016-08-19 00:00:00-04:00,11.29927,11.29927,11.29927,11.29927,0,0.0,0.0
2016-08-22 00:00:00-04:00,11.29927,11.29927,11.29927,11.29927,0,0.0,0.0
2016-08-23 00:00:00-04:00,11.09236,11.19784,11.0315,11.19784,3600,0.0,0.0
2016-08-24 00:00:00-04:00,10.97064,11.27493,10.97064,11.26681,6600,0.0,0.0
2016-08-25 00:00:00-04:00,11.30333,11.33173,11.19379,11.19379,5600,0.0,0.0
2016-08-26 00:00:00-04:00,11.19379,11.19379,11.19379,11.19379,3200,0.0,0.0
2016-08-29 00:00:00-04:00,11.19784,11.19784,11.19784,11.19784,200,0.0,0.0
2016-08-30 00:00:00-04:00,11.28305,11.36013,11.26682,11.36013,7400,0.0,0.0
2016-08-31 00:00:00-04:00,11.57517,11.57517,11.26682,11.36419,3200,0.0,0.0
2016-09-01 00:00:00-04:00,11.36419,11.36419,11.36419,11.36419,0,0.0,0.0
2016-09-02 00:00:00-04:00,11.07207,11.36419,11.07207,11.34391,6200,0.0,0.0
2016-09-06 00:00:00-04:00,10.9747,11.57111,10.9747,11.57111,2400,0.0,0.0
2016-09-07 00:00:00-04:00,11.20596,11.81048,11.14916,11.15322,2800,0.0,0.0
2016-09-08 00:00:00-04:00,11.29116,11.55082,11.29116,11.55082,9000,0.0,0.0
2016-09-09 00:00:00-04:00,11.37636,11.59951,11.36013,11.36419,4200,0.0,0.0
2016-09-12 00:00:00-04:00,11.47779,11.55488,11.32362,11.36013,10800,0.0,0.0
2016-09-13 00:00:00-04:00,11.24247,11.39665,10.95847,11.38448,13000,0.0,0.0
2016-09-14 00:00:00-04:00,11.26681,11.26681,11.15727,11.15727,600,0.0,0.0
2016-09-15 00:00:00-04:00,11.14104,11.37636,11.14104,11.27087,2600,0.0,0.0
2016-09-16 00:00:00-04:00,11.25059,11.59951,11.21002,11.59951,13000,0.0,0.0
2016-09-19 00:00:00-04:00,11.32362,11.50213,11.32362,11.46562,7400,0.0,0.0
2016-09-20 00:00:00-04:00,11.4575,11.46156,11.4575,11.46156,5800,0.0,0.0
2016-09-21 00:00:00-04:00,11.46156,11.46156,11.46156,11.46156,0,0.0,0.0
2016-09-22 00:00:00-04:00,11.48184,11.52242,11.38041,11.38041,4200,0.0,0.0
2016-09-23 00:00:00-04:00,11.38041,11.38041,11.38041,11.38041,0,0.0,0.0
2016-09-26 00:00:00-04:00,11.32767,11.38041,11.32767,11.38041,600,0.0,0.0
2016-09-27 00:00:00-04:00,11.43722,11.44939,11.38041,11.38041,43200,0.0,0.0
2016-09-28 00:00:00-04:00,11.36013,11.4007,11.30739,11.30739,7200,0.0,0.0
2016-09-29 00:00:00-04:00,11.42099,11.97277,11.42099,11.96871,20000,0.0,0.0
2016-09-30 00:00:00-04:00,11.94436,11.96465,11.76585,11.84293,7600,0.0,0.0
2016-10-03 00:00:00-04:00,11.84699,11.84699,11.44127,11.52242,4400,0.0,0.0
2016-10-04 00:00:00-04:00,11.36825,11.71717,11.36825,11.45345,6600,0.0,0.0
2016-10-05 00:00:00-04:00,11.41693,11.75368,11.41693,11.55894,2200,0.0,0.0
2016-10-06 00:00:00-04:00,11.36825,11.53053,11.36825,11.53053,7400,0.0,0.0
2016-10-07 00:00:00-04:00,11.61574,11.61979,11.60356,11.61574,2400,0.0,0.0
2016-10-10 00:00:00-04:00,11.62791,11.62791,11.41288,11.41288,5000,0.0,0.0
2016-10-11 00:00:00-04:00,11.36825,11.66442,11.30739,11.63196,9200,0.0,0.0
2016-10-12 00:00:00-04:00,11.56299,11.66442,11.56299,11.56299,4600,0.0,0.0
2016-10-13 00:00:00-04:00,11.36013,11.36013,11.36013,11.36013,800,0.0,0.0
2016-10-14 00:00:00-04:00,11.4007,11.42099,11.36419,11.42099,3200,0.0,0.0
2016-10-17 00:00:00-04:00,11.4007,11.51025,11.27899,11.40476,15000,0.0,0.0
2016-10-18 00:00:00-04:00,11.36013,11.55082,11.36013,11.55082,6200,0.0,0.0
2016-10-19 00:00:00-04:00,11.36825,11.36825,11.36825,11.36825,600,0.0,0.0
2016-10-20 00:00:00-04:00,11.38042,11.40071,11.38042,11.40071,600,0.0,0.0
2016-10-21 00:00:00-04:00,11.4859,11.4859,11.4859,11.4859,400,0.0,0.0
2016-10-24 00:00:00-04:00,11.54271,11.54271,11.54271,11.54271,200,0.0,0.0
2016-10-25 00:00:00-04:00,11.50619,11.50619,11.46968,11.4859,1400,0.0,0.0
2016-10-26 00:00:00-04:00,11.51836,11.58328,11.50213,11.57922,5600,0.0,0.0
2016-10-27 00:00:00-04:00,11.57922,11.57922,11.57922,11.57922,0,0.0,0.0
2016-10-28 00:00:00-04:00,11.76585,12.16751,11.74962,11.96871,65800,0.0,0.0
2016-10-31 00:00:00-04:00,11.92814,12.16751,11.89162,12.07014,30200,0.0,0.0
2016-11-01 00:00:00-04:00,12.02957,12.16751,12.02957,12.11071,8800,0.0,0.0
2016-11-02 00:00:00-04:00,12.13506,12.14723,12.11071,12.14723,4600,0.0,0.0
2016-11-03 00:00:00-04:00,12.20403,12.39066,12.19997,12.39066,13000,0.0,0.0
2016-11-04 00:00:00-04:00,12.53266,12.57729,12.415,12.43123,6000,0.0,0.0
2016-11-07 00:00:00-05:00,12.52454,12.53672,12.51643,12.51643,1600,0.0,0.0
2016-11-08 00:00:00-05:00,12.54492,12.57749,12.54492,12.54492,5200,0.05,0.0
2016-11-09 00:00:00-05:00,12.57748,12.57748,12.17452,12.57748,6400,0.0,0.0
2016-11-10 00:00:00-05:00,12.57748,12.57748,12.26813,12.57748,22200,0.0,0.0
2016-11-11 00:00:00-05:00,12.41467,12.57342,12.41467,12.5612,11800,0.0,0.0
2016-11-14 00:00:00-05:00,12.51643,12.57748,12.48794,12.57748,13200,0.0,0.0
2016-11-15 00:00:00-05:00,12.57749,12.6589,12.57749,12.58156,9400,0.0,0.0
2016-11-16 00:00:00-05:00,12.58156,12.71995,12.58156,12.71588,8200,0.0,0.0
2016-11-17 00:00:00-05:00,12.75251,12.95603,12.73216,12.95603,11400,0.0,0.0
2016-11-18 00:00:00-05:00,12.94382,13.08628,12.94382,13.06186,3400,0.0,0.0
2016-11-21 00:00:00-05:00,13.02116,13.02116,12.97232,13.00488,7000,0.0,0.0
2016-11-22 00:00:00-05:00,12.94382,13.08628,12.94382,13.01709,5000,0.0,0.0
2016-11-23 00:00:00-05:00,13.06186,13.32644,13.0293,13.32644,16000,0.0,0.0
2016-11-25 00:00:00-05:00,13.15955,13.33051,13.15955,13.2898,18400,0.0,0.0
2016-11-28 00:00:00-05:00,13.33051,13.52996,13.33051,13.52996,2800,0.0,0.0
2016-11-29 00:00:00-05:00,13.52588,13.73754,13.44448,13.73754,27800,0.0,0.0
2016-11-30 00:00:00-05:00,13.71719,13.94106,13.70091,13.92071,7000,0.0,0.0
2016-12-01 00:00:00-05:00,13.937,14.24635,13.92478,14.17715,8600,0.0,0.0
2016-12-02 00:00:00-05:00,14.22192,14.54755,14.22192,14.51499,16600,0.0,0.0
2016-12-05 00:00:00-05:00,14.54755,14.75514,14.06318,14.75514,22600,0.0,0.0
2016-12-06 00:00:00-05:00,13.88408,14.74293,13.78232,14.5272,5600,0.0,0.0
2016-12-07 00:00:00-05:00,14.69815,14.8569,14.66152,14.69408,10000,0.0,0.0
2016-12-08 00:00:00-05:00,15.26394,15.26394,14.69816,14.69816,4600,0.0,0.0
2016-12-09 00:00:00-05:00,14.85283,15.79716,14.65338,15.38605,10400,0.0,0.0
2016-12-12 00:00:00-05:00,15.34535,15.34535,15.27615,15.27615,1800,0.0,0.0
2016-12-13 00:00:00-05:00,15.32907,15.52852,15.32907,15.44304,7000,0.0,0.0
2016-12-14 00:00:00-05:00,15.18253,15.18253,14.94238,14.94238,1400,0.0,0.0
2016-12-15 00:00:00-05:00,14.40916,14.93831,14.40916,14.85283,5200,0.0,0.0
2016-12-16 00:00:00-05:00,14.58419,14.83655,14.55163,14.55163,11000,0.0,0.0
2016-12-19 00:00:00-05:00,14.09981,14.36846,14.02248,14.25856,6800,0.0,0.0
2016-12-20 00:00:00-05:00,14.46207,14.65338,14.32775,14.47429,8600,0.0,0.0
2016-12-21 00:00:00-05:00,14.2667,14.50278,14.2667,14.3074,2800,0.0,0.0
2016-12-22 00:00:00-05:00,14.46207,14.94645,14.32775,14.94645,5800,0.0,0.0
2016-12-23 00:00:00-05:00,14.53127,14.91388,14.53127,14.61675,2400,0.0,0.0
2016-12-27 00:00:00-05:00,14.86097,15.56922,14.65338,15.06042,16800,0.0,0.0
2016-12-28 00:00:00-05:00,14.97494,15.06042,14.97494,15.06042,3600,0.0,0.0
2016-12-29 00:00:00-05:00,15.06042,15.06042,14.38881,14.63303,8200,0.0,0.0
2016-12-30 00:00:00-05:00,14.47021,14.63303,14.47021,14.63303,6200,0.0,0.0
2017-01-03 00:00:00-05:00,14.6371,14.7755,14.44987,14.55163,27600,0.0,0.0
2017-01-04 00:00:00-05:00,14.45394,14.55163,14.25449,14.31147,12800,0.0,0.0
2017-01-05 00:00:00-05:00,14.31147,14.48242,14.29519,14.33182,6400,0.0,0.0
2017-01-06 00:00:00-05:00,14.20157,14.42137,14.20157,14.42137,600,0.0,0.0
2017-01-09 00:00:00-05:00,14.25449,14.32776,13.88001,14.25449,10000,0.0,0.0
2017-01-10 00:00:00-05:00,14.2382,14.26669,14.04689,14.26669,12600,0.0,0.0
2017-01-11 00:00:00-05:00,14.32776,14.34811,14.24635,14.24635,10000,0.0,0.0
2017-01-12 00:00:00-05:00,14.42951,14.59232,14.24634,14.25041,35600,0.0,0.0
2017-01-13 00:00:00-05:00,14.25042,14.34404,14.24635,14.24635,3800,0.0,0.0
2017-01-17 00:00:00-05:00,14.27077,14.55163,14.24635,14.55163,33000,0.0,0.0
2017-01-18 00:00:00-05:00,14.55162,14.65338,14.27483,14.27483,13400,0.0,0.0
2017-01-19 00:00:00-05:00,14.44987,14.55163,14.28705,14.55163,8400,0.0,0.0
2017-01-20 00:00:00-05:00,14.53941,14.54755,14.24634,14.40102,2400,0.0,0.0
2017-01-23 00:00:00-05:00,14.40509,14.40916,14.20971,14.20971,12600,0.0,0.0
2017-01-24 00:00:00-05:00,14.24228,14.36439,14.21378,14.36439,4000,0.0,0.0
2017-01-25 00:00:00-05:00,14.3888,14.3888,14.22599,14.22599,4000,0.0,0.0
2017-01-26 00:00:00-05:00,14.3481,14.42544,14.30332,14.33996,5000,0.0,0.0
2017-01-27 00:00:00-05:00,14.37659,14.37659,14.33996,14.33996,5600,0.0,0.0
2017-01-30 00:00:00-05:00,14.43358,14.55162,14.41323,14.54348,14000,0.0,0.0
2017-01-31 00:00:00-05:00,14.46208,14.55163,14.44987,14.55163,9200,0.0,0.0
2017-02-01 00:00:00-05:00,14.62896,14.65338,14.55569,14.65338,9800,0.0,0.0
2017-02-02 00:00:00-05:00,14.65338,14.68187,14.62896,14.68187,5400,0.0,0.0
2017-02-03 00:00:00-05:00,14.82027,16.06987,14.82027,15.10926,12200,0.0,0.0
2017-02-06 00:00:00-05:00,15.10111,15.68882,15.10111,15.30517,5400,0.05,0.0
2017-02-07 00:00:00-05:00,15.53373,15.53373,15.30517,15.42761,13600,0.0,0.0
2017-02-08 00:00:00-05:00,15.51332,15.72147,15.50516,15.60311,13000,0.0,0.0
2017-02-09 00:00:00-05:00,15.61127,16.20307,15.5623,15.57862,10400,0.0,0.0
2017-02-10 00:00:00-05:00,15.88065,16.03982,15.50924,15.87657,16000,0.0,0.0
2017-02-13 00:00:00-05:00,15.91738,15.95003,15.71331,15.71331,12200,0.0,0.0
2017-02-14 00:00:00-05:00,15.67249,15.85615,15.50924,15.52556,11000,0.0,0.0
2017-02-15 00:00:00-05:00,15.52556,15.70923,15.37455,15.58678,11800,0.0,0.0
2017-02-16 00:00:00-05:00,15.61943,15.61943,15.52556,15.52556,1200,0.0,0.0
2017-02-17 00:00:00-05:00,15.67658,15.67658,15.30517,15.30517,5000,0.0,0.0
2017-02-21 00:00:00-05:00,15.49291,15.61127,15.39496,15.54189,13000,0.0,0.0
2017-02-22 00:00:00-05:00,15.20722,15.5623,14.89703,15.50924,10200,0.0,0.0
2017-02-23 00:00:00-05:00,15.48067,15.48067,15.09294,15.09294,1400,0.0,0.0
2017-02-24 00:00:00-05:00,15.06029,15.28885,15.06029,15.26844,3800,0.0,0.0
2017-02-27 00:00:00-05:00,15.20314,15.59903,15.18273,15.59903,9200,0.0,0.0
2017-02-28 00:00:00-05:00,15.50924,15.50924,15.28885,15.46026,11200,0.0,0.0
2017-03-01 00:00:00-05:00,15.33374,15.46843,15.22355,15.41129,6200,0.0,0.0
2017-03-02 00:00:00-05:00,15.50924,15.50924,15.12559,15.2113,7600,0.0,0.0
2017-03-03 00:00:00-05:00,15.20314,15.59903,15.16233,15.18273,7800,0.0,0.0
2017-03-06 00:00:00-05:00,15.18273,15.18273,14.70929,14.9705,13000,0.0,0.0
2017-03-07 00:00:00-05:00,14.92968,14.96233,14.76235,14.83581,6200,0.0,0.0
2017-03-08 00:00:00-05:00,14.69296,14.795,14.69296,14.795,20800,0.0,0.0
2017-03-09 00:00:00-05:00,14.795,15.1011,14.73786,14.795,9000,0.0,0.0
2017-03-10 00:00:00-05:00,14.91336,14.91336,14.69296,14.75418,7400,0.0,0.0
2017-03-13 00:00:00-04:00,14.80724,14.81133,14.78684,14.81133,1600,0.0,0.0
2017-03-14 00:00:00-04:00,14.8154,14.82765,14.73378,14.73378,3800,0.0,0.0
2017-03-15 00:00:00-04:00,14.97458,14.97458,14.77459,14.77459,2800,0.0,0.0
2017-03-16 00:00:00-04:00,14.795,14.91336,14.78276,14.91336,6200,0.0,0.0
2017-03-17 00:00:00-04:00,14.89295,14.89704,14.795,14.89704,4800,0.0,0.0
2017-03-20 00:00:00-04:00,14.91336,15.61127,14.90928,15.56638,24200,0.0,0.0
2017-03-21 00:00:00-04:00,15.47659,15.47659,14.89704,14.89704,35400,0.0,0.0
2017-03-22 00:00:00-04:00,14.795,15.18273,14.71337,14.71337,5400,0.0,0.0
2017-03-23 00:00:00-04:00,15.07253,15.07253,14.71337,14.71337,2200,0.0,0.0
2017-03-24 00:00:00-04:00,14.71337,14.73378,14.69296,14.73378,4000,0.0,0.0
2017-03-27 00:00:00-04:00,15.1011,15.1011,15.01948,15.01948,800,0.0,0.0
2017-03-28 00:00:00-04:00,14.83989,15.02764,14.61134,14.7297,8400,0.0,0.0
2017-03-29 00:00:00-04:00,14.97866,14.99499,14.93785,14.99499,3800,0.0,0.0
2017-03-30 00:00:00-04:00,15.01947,15.19497,14.95825,15.146,4000,0.0,0.0
2017-03-31 00:00:00-04:00,14.8603,15.26436,14.8603,15.23579,5200,0.0,0.0
2017-04-03 00:00:00-04:00,15.23579,15.28477,14.71338,15.26844,3600,0.0,0.0
2017-04-04 00:00:00-04:00,15.1011,15.1011,14.8603,15.1011,2600,0.0,0.0
2017-04-05 00:00:00-04:00,14.89704,15.30517,14.75827,15.30517,8600,0.0,0.0
2017-04-06 00:00:00-04:00,14.82357,15.4521,14.82357,15.4521,1600,0.0,0.0
2017-04-07 00:00:00-04:00,15.4521,15.4521,15.4521,15.4521,0,0.0,0.0
2017-04-10 00:00:00-04:00,14.97866,15.59087,14.97866,15.26028,3400,0.0,0.0
2017-04-11 00:00:00-04:00,15.50924,15.50924,15.30517,15.35007,1800,0.0,0.0
2017-04-12 00:00:00-04:00,15.35006,15.35006,14.95825,15.34598,2800,0.0,0.0
2017-04-13 00:00:00-04:00,15.3868,15.3868,15.23171,15.3868,7800,0.0,0.0
2017-04-17 00:00:00-04:00,15.3868,15.55005,15.3868,15.50924,1600,0.0,0.0
2017-04-18 00:00:00-04:00,15.56637,15.56637,15.30925,15.55005,7000,0.0,0.0
2017-04-19 00:00:00-04:00,15.50924,15.59087,15.50924,15.52149,5600,0.0,0.0
2017-04-20 00:00:00-04:00,15.59087,15.98268,15.56638,15.98268,11400,0.0,0.0
2017-04-21 00:00:00-04:00,16.0888,16.0888,16.01125,16.06023,2200,0.0,0.0
2017-04-24 00:00:00-04:00,16.08063,16.27654,16.08063,16.17859,8600,0.0,0.0
2017-04-25 00:00:00-04:00,16.98262,16.98262,16.55407,16.81936,48400,0.0,0.0
2017-04-26 00:00:00-04:00,16.81528,17.32137,16.79487,17.03975,12600,0.0,0.0
2017-04-27 00:00:00-04:00,17.30097,17.96623,17.24383,17.79073,28800,0.0,0.0
2017-04-28 00:00:00-04:00,17.80706,17.80706,17.41933,17.77441,7600,0.0,0.0
2017-05-01 00:00:00-04:00,18.16214,18.35804,17.95807,17.95807,31600,0.0,0.0
2017-05-02 00:00:00-04:00,18.23152,18.23152,17.54993,17.97031,21000,0.0,0.0
2017-05-03 00:00:00-04:00,17.95807,18.24784,17.95807,18.02745,17600,0.0,0.0
2017-05-04 00:00:00-04:00,18.22744,18.32539,17.89684,18.32539,7000,0.0,0.0
2017-05-05 00:00:00-04:00,18.02337,18.23968,17.91725,18.00296,9800,0.0,0.0
2017-05-08 00:00:00-04:00,18.12948,18.67638,18.07642,18.1458,16800,0.0,0.0
2017-05-09 00:00:00-04:00,18.18673,18.18673,18.01898,18.1049,9000,0.055,0.0
2017-05-10 00:00:00-04:00,18.1049,18.1049,17.77758,18.00261,16200,0.0,0.0
2017-05-11 00:00:00-04:00,17.9617,18.36676,17.92078,18.17446,17800,0.0,0.0
2017-05-12 00:00:00-04:00,18.01079,18.1049,18.01079,18.08444,6200,0.0,0.0
2017-05-15 00:00:00-04:00,18.13354,18.21127,17.96169,18.17036,18000,0.0,0.0
2017-05-16 00:00:00-04:00,18.16627,18.16627,17.85532,18.04353,22000,0.0,0.0
2017-05-17 00:00:00-04:00,18.1049,18.1049,17.75712,17.85123,10400,0.0,0.0
2017-05-18 00:00:00-04:00,18.00261,18.00261,17.56482,17.59755,22000,0.0,0.0
2017-05-19 00:00:00-04:00,17.7653,18.00261,17.63437,17.63437,9200,0.0,0.0
2017-05-22 00:00:00-04:00,17.76121,17.90033,17.76121,17.90033,14800,0.0,0.0
2017-05-23 00:00:00-04:00,17.90032,17.90032,17.74075,17.85532,9200,0.0,0.0
2017-05-24 00:00:00-04:00,17.83895,17.9085,17.7653,17.9085,5800,0.0,0.0
2017-05-25 00:00:00-04:00,17.89214,18.00261,17.85941,17.88396,7600,0.0,0.0
2017-05-26 00:00:00-04:00,17.87986,17.89623,17.83077,17.85941,5800,0.0,0.0
2017-05-30 00:00:00-04:00,17.81849,18.00261,17.81849,17.94123,7800,0.0,0.0
2017-05-31 00:00:00-04:00,17.92078,18.1049,17.87169,18.1049,12400,0.0,0.0
2017-06-01 00:00:00-04:00,18.03125,18.03125,17.8594,17.86349,5200,0.0,0.0
2017-06-02 00:00:00-04:00,17.97806,18.07626,17.95351,18.07626,7000,0.0,0.0
2017-06-05 00:00:00-04:00,18.1049,19.00503,18.08854,18.70226,42800,0.0,0.0
2017-06-06 00:00:00-04:00,18.62861,18.66952,18.46086,18.46086,21200,0.0,0.0
2017-06-07 00:00:00-04:00,18.51405,18.54269,18.41585,18.49359,10800,0.0,0.0
2017-06-08 00:00:00-04:00,18.61634,18.61634,18.50587,18.50587,3200,0.0,0.0
2017-06-09 00:00:00-04:00,18.57542,18.75954,18.57542,18.75954,3400,0.0,0.0
2017-06-12 00:00:00-04:00,18.75545,18.75954,18.04352,18.3913,33200,0.0,0.0
2017-06-13 00:00:00-04:00,18.46086,18.69817,18.46086,18.61225,11200,0.0,0.0
2017-06-14 00:00:00-04:00,18.5836,18.62451,18.44449,18.57542,7000,0.0,0.0
2017-06-15 00:00:00-04:00,18.52632,18.61633,17.84713,18.61633,1600,0.0,0.0
2017-06-16 00:00:00-04:00,18.59588,18.59588,18.51814,18.59588,2000,0.0,0.0
2017-06-19 00:00:00-04:00,18.55496,18.57951,18.47313,18.47313,3600,0.0,0.0
2017-06-20 00:00:00-04:00,18.47313,18.69816,18.14581,18.5836,8400,0.0,0.0
2017-06-21 00:00:00-04:00,18.37903,18.43222,17.63437,17.83895,32000,0.0,0.0
2017-06-22 00:00:00-04:00,17.99442,18.30947,17.8144,18.28083,7200,0.0,0.0
2017-06-23 00:00:00-04:00,18.3013,18.64498,18.08035,18.2972,4800,0.0,0.0
2017-06-26 00:00:00-04:00,18.28901,18.59996,18.12535,18.12535,8400,0.0,0.0
2017-06-27 00:00:00-04:00,18.0558,18.15399,17.81849,17.82667,13400,0.0,0.0
2017-06-28 00:00:00-04:00,18.04762,18.21537,17.99034,17.99034,5400,0.0,0.0
2017-06-29 00:00:00-04:00,17.98624,18.12944,17.9085,17.9085,7400,0.0,0.0
2017-06-30 00:00:00-04:00,17.9085,17.9085,17.9085,17.9085,0,0.0,0.0
2017-07-03 00:00:00-04:00,18.2481,18.69817,18.20719,18.37085,7600,0.0,0.0
2017-07-05 00:00:00-04:00,18.00261,18.55496,18.00261,18.37085,6400,0.0,0.0
2017-07-06 00:00:00-04:00,18.04761,18.26446,17.81849,17.91669,11600,0.0,0.0
2017-07-07 00:00:00-04:00,17.80621,18.17445,17.80621,17.86349,6400,0.0,0.0
2017-07-10 00:00:00-04:00,17.86349,18.04352,17.59754,17.79803,28000,0.0,0.0
2017-07-11 00:00:00-04:00,17.9044,18.39538,17.90031,17.96578,3400,0.0,0.0
2017-07-12 00:00:00-04:00,18.0067,18.01897,18.00261,18.01897,1600,0.0,0.0
2017-07-13 00:00:00-04:00,18.07216,18.69816,18.04762,18.20718,3800,0.0,0.0
2017-07-14 00:00:00-04:00,18.20719,18.20719,18.08853,18.09672,2800,0.0,0.0
2017-07-17 00:00:00-04:00,18.08853,18.61633,18.08444,18.10899,6800,0.0,0.0
2017-07-18 00:00:00-04:00,18.0067,18.0067,17.69574,17.87577,9600,0.0,0.0
2017-07-19 00:00:00-04:00,17.87577,17.87577,17.69575,17.69575,3400,0.0,0.0
2017-07-20 00:00:00-04:00,17.69575,17.69575,17.59755,17.66711,4200,0.0,0.0
2017-07-21 00:00:00-04:00,17.60982,17.63437,17.59755,17.63028,4000,0.0,0.0
2017-07-24 00:00:00-04:00,17.63437,17.80622,17.51163,17.51163,11600,0.0,0.0
2017-07-25 00:00:00-04:00,17.75303,17.75303,17.54845,17.56482,8400,0.0,0.0
2017-07-26 00:00:00-04:00,17.55254,17.60982,17.51981,17.51981,8200,0.0,0.0
2017-07-27 00:00:00-04:00,17.51572,17.83076,17.49935,17.59755,2000,0.0,0.0
2017-07-28 00:00:00-04:00,17.78985,17.9617,17.77758,17.8144,15600,0.0,0.0
2017-07-31 00:00:00-04:00,17.91668,18.66133,17.91668,18.55086,12400,0.0,0.0
2017-08-01 00:00:00-04:00,18.55087,18.55087,18.28492,18.40358,22600,0.0,0.0
2017-08-02 00:00:00-04:00,18.39539,18.49768,18.32584,18.35039,10000,0.0,0.0
2017-08-03 00:00:00-04:00,18.35039,18.36266,18.20719,18.30947,10000,0.0,0.0
2017-08-04 00:00:00-04:00,18.5345,18.69816,18.41176,18.69816,17200,0.0,0.0
2017-08-07 00:00:00-04:00,18.82121,18.82121,18.59973,18.71867,17200,0.055,0.0
2017-08-08 00:00:00-04:00,18.60793,18.64074,18.57512,18.59973,12200,0.0,0.0
2017-08-09 00:00:00-04:00,18.59973,18.64075,18.46029,18.64075,11400,0.0,0.0
2017-08-10 00:00:00-04:00,18.58742,18.58742,18.45618,18.57512,16000,0.0,0.0
2017-08-11 00:00:00-04:00,18.48899,18.50129,18.2183,18.40696,25600,0.0,0.0
2017-08-14 00:00:00-04:00,18.46849,18.66125,18.18549,18.60383,22000,0.0,0.0
2017-08-15 00:00:00-04:00,18.65305,18.70226,18.46028,18.66125,20400,0.0,0.0
2017-08-16 00:00:00-04:00,18.4972,18.72278,18.45619,18.71867,13200,0.0,0.0
2017-08-17 00:00:00-04:00,18.65715,18.74328,18.45618,18.74328,16200,0.0,0.0
2017-08-18 00:00:00-04:00,18.68176,19.52254,18.68176,19.51844,11000,0.0,0.0
2017-08-21 00:00:00-04:00,19.47743,20.00651,19.47743,19.83015,40200,0.0,0.0
2017-08-22 00:00:00-04:00,19.79323,19.87526,19.67429,19.703,40000,0.0,0.0
2017-08-23 00:00:00-04:00,19.7153,20.13364,19.53484,20.01881,21400,0.0,0.0
2017-08-24 00:00:00-04:00,20.05162,20.41254,20.01471,20.39204,31000,0.0,0.0
2017-08-25 00:00:00-04:00,20.3059,20.50687,20.3059,20.49457,19600,0.0,0.0
2017-08-28 00:00:00-04:00,20.50687,20.74065,20.33461,20.64222,16400,0.0,0.0
2017-08-29 00:00:00-04:00,20.76526,20.76526,20.49457,20.64222,11000,0.0,0.0
2017-08-30 00:00:00-04:00,20.56429,20.64632,20.56429,20.6053,8600,0.0,0.0
2017-08-31 00:00:00-04:00,20.55609,20.8965,20.49457,20.51918,9200,0.0,0.0
2017-09-01 00:00:00-04:00,20.46996,21.14669,20.36743,21.09747,66600,0.0,0.0
2017-09-05 00:00:00-04:00,21.08106,21.2123,20.84728,21.08106,53800,0.0,0.0
2017-09-06 00:00:00-04:00,21.06055,21.06055,20.38383,20.38383,37000,0.0,0.0
2017-09-07 00:00:00-04:00,20.56019,20.74475,20.03111,20.31821,29400,0.0,0.0
2017-09-08 00:00:00-04:00,19.58406,20.09263,19.48153,19.89166,191400,0.0,0.0
2017-09-11 00:00:00-04:00,19.64148,19.88756,19.48152,19.85885,35600,0.0,0.0
2017-09-12 00:00:00-04:00,19.72761,20.09263,19.72761,20.07212,23800,0.0,0.0
2017-09-13 00:00:00-04:00,20.09263,20.09263,19.91627,19.97779,16000,0.0,0.0
2017-09-14 00:00:00-04:00,20.08852,20.08852,19.57175,19.75221,53800,0.0,0.0
2017-09-15 00:00:00-04:00,19.62918,20.22798,19.62918,20.13365,87000,0.0,0.0
2017-09-18 00:00:00-04:00,19.92857,20.88419,19.62097,20.57659,47400,0.0,0.0
2017-09-19 00:00:00-04:00,20.6094,20.6094,20.25668,20.50687,32200,0.0,0.0
2017-09-20 00:00:00-04:00,20.44534,20.50687,20.3059,20.46175,5000,0.0,0.0
2017-09-21 00:00:00-04:00,20.10904,20.6094,20.10904,20.51097,18200,0.0,0.0
2017-09-22 00:00:00-04:00,20.26079,20.92111,20.23208,20.38793,25000,0.0,0.0
2017-09-25 00:00:00-04:00,20.68733,21.5117,20.38793,21.32304,147000,0.0,0.0
2017-09-26 00:00:00-04:00,21.32715,21.84802,21.28203,21.61014,76400,0.0,0.0
2017-09-27 00:00:00-04:00,21.73728,21.85622,21.65936,21.65936,48000,0.0,0.0
2017-09-28 00:00:00-04:00,21.66346,21.91774,21.47479,21.77829,70400,0.0,0.0
2017-09-29 00:00:00-04:00,21.7783,21.7783,21.17129,21.1836,74800,0.0,0.0
2017-10-02 00:00:00-04:00,20.82678,21.16719,20.17876,20.99083,100400,0.0,0.0
2017-10-03 00:00:00-04:00,20.97853,20.97853,19.75222,20.65862,157400,0.0,0.0
2017-10-04 00:00:00-04:00,20.70374,21.22051,20.61351,21.04005,98400,0.0,0.0
2017-10-05 00:00:00-04:00,21.14668,21.42967,21.08106,21.26562,26800,0.0,0.0
2017-10-06 00:00:00-04:00,20.72424,21.50761,20.72424,21.33535,39800,0.0,0.0
2017-10-09 00:00:00-04:00,21.33125,21.38867,20.93752,21.38457,25200,0.0,0.0
2017-10-10 00:00:00-04:00,21.42968,21.42968,20.8965,21.42968,13400,0.0,0.0
2017-10-11 00:00:00-04:00,21.43377,21.56912,21.2123,21.40916,20400,0.0,0.0
2017-10-12 00:00:00-04:00,21.40917,21.40917,20.96622,21.27793,23600,0.0,0.0
2017-10-13 00:00:00-04:00,21.28203,21.67166,21.01134,21.67166,21200,0.0,0.0
2017-10-16 00:00:00-04:00,21.71267,21.89313,21.37225,21.71677,26400,0.0,0.0
2017-10-17 00:00:00-04:00,21.73728,22.04078,21.47069,21.91364,25400,0.0,0.0
2017-10-18 00:00:00-04:00,21.86442,21.87673,21.61834,21.85622,25000,0.0,0.0
2017-10-19 00:00:00-04:00,21.7824,21.94235,21.61834,21.93415,124400,0.0,0.0
2017-10-20 00:00:00-04:00,22.00797,22.14742,21.53221,22.14742,18600,0.0,0.0
2017-10-23 00:00:00-04:00,21.98336,22.06129,21.33945,21.65525,34800,0.0,0.0
2017-10-24 00:00:00-04:00,21.8029,21.8029,21.10977,21.32304,21800,0.0,0.0
2017-10-25 00:00:00-04:00,21.15489,21.7988,21.08106,21.72088,11400,0.0,0.0
2017-10-26 00:00:00-04:00,21.71678,21.94235,21.36816,21.86443,11600,0.0,0.0
2017-10-27 00:00:00-04:00,21.53221,22.12691,21.36816,22.06129,24800,0.0,0.0
2017-10-30 00:00:00-04:00,21.7947,22.55345,21.47889,22.30737,61600,0.0,0.0
2017-10-31 00:00:00-04:00,22.27866,22.49604,21.93415,22.26226,33600,0.0,0.0
2017-11-01 00:00:00-04:00,22.33198,23.31221,21.69627,23.14405,51800,0.0,0.0
2017-11-02 00:00:00-04:00,23.2835,23.37783,22.76262,23.16456,43600,0.0,0.0
2017-11-03 00:00:00-04:00,23.02511,23.10714,22.88566,23.04972,16400,0.0,0.0
2017-11-06 00:00:00-05:00,22.94719,22.94719,21.74138,22.13102,57000,0.0,0.0
2017-11-07 00:00:00-05:00,21.97926,22.6765,21.97926,22.30737,39600,0.0,0.0
2017-11-08 00:00:00-05:00,22.29915,22.57861,21.88819,22.41012,33200,0.055,0.0
2017-11-09 00:00:00-05:00,22.38957,22.90739,22.07723,22.81697,23400,0.0,0.0
2017-11-10 00:00:00-05:00,23.01013,23.51562,22.73478,23.26904,27600,0.0,0.0
2017-11-13 00:00:00-05:00,23.2526,23.2526,22.8704,22.91972,16200,0.0,0.0
2017-11-14 00:00:00-05:00,23.06355,23.06355,22.73067,22.73067,5400,0.0,0.0
2017-11-15 00:00:00-05:00,22.72656,23.5896,22.72656,23.32247,24600,0.0,0.0
2017-11-16 00:00:00-05:00,23.58138,23.80741,23.58138,23.73344,15400,0.0,0.0
2017-11-17 00:00:00-05:00,23.7211,23.79097,23.5937,23.65946,11200,0.0,0.0
2017-11-20 00:00:00-05:00,23.51562,23.58138,22.61149,23.07999,20600,0.0,0.0
2017-11-21 00:00:00-05:00,23.21562,23.57727,23.14165,23.33891,28000,0.0,0.0
2017-11-22 00:00:00-05:00,23.01424,23.74576,23.01424,23.35945,3400,0.0,0.0
2017-11-24 00:00:00-05:00,23.35945,23.5074,22.89917,23.33479,7000,0.0,0.0
2017-11-27 00:00:00-05:00,23.03068,23.4622,23.03068,23.45809,18200,0.0,0.0
2017-11-28 00:00:00-05:00,23.39233,23.63069,22.80465,23.27726,11600,0.0,0.0
2017-11-29 00:00:00-05:00,23.34302,23.63069,23.34302,23.63069,10000,0.0,0.0
2017-11-30 00:00:00-05:00,23.63069,23.63069,23.4252,23.4252,14800,0.0,0.0
2017-12-01 00:00:00-05:00,23.33068,23.5485,23.11698,23.37589,7600,0.0,0.0
2017-12-04 00:00:00-05:00,23.37589,23.63069,23.37589,23.63069,24600,0.0,0.0
2017-12-05 00:00:00-05:00,23.56082,23.83617,23.49507,23.78275,19000,0.0,0.0
2017-12-06 00:00:00-05:00,23.57726,23.73754,23.51151,23.51562,7400,0.0,0.0
2017-12-07 00:00:00-05:00,23.42521,23.63069,23.38411,23.44165,11600,0.0,0.0
2017-12-08 00:00:00-05:00,23.48686,23.57727,23.44576,23.51973,15600,0.0,0.0
2017-12-11 00:00:00-05:00,23.54849,23.63069,23.4252,23.4252,12400,0.0,0.0
2017-12-12 00:00:00-05:00,23.5485,23.63069,23.27726,23.40466,19600,0.0,0.0
2017-12-13 00:00:00-05:00,23.30603,23.42521,22.96903,22.96903,18000,0.0,0.0
2017-12-14 00:00:00-05:00,23.01424,23.57315,22.8704,22.93204,91800,0.0,0.0
2017-12-15 00:00:00-05:00,22.92793,22.93204,22.66492,22.73889,63000,0.0,0.0
2017-12-18 00:00:00-05:00,22.73889,23.43753,22.73889,22.94437,49600,0.0,0.0
2017-12-19 00:00:00-05:00,22.95259,23.16219,22.84985,22.87862,25200,0.0,0.0
2017-12-20 00:00:00-05:00,22.93615,23.62247,22.90327,22.94437,62000,0.0,0.0
2017-12-21 00:00:00-05:00,23.03068,23.48686,22.97314,23.00602,16200,0.0,0.0
2017-12-22 00:00:00-05:00,23.07589,23.13753,23.01424,23.01424,5000,0.0,0.0
2017-12-26 00:00:00-05:00,22.80875,22.98958,22.61149,22.743,31200,0.0,0.0
2017-12-27 00:00:00-05:00,22.9115,22.9115,22.27861,22.27861,31800,0.0,0.0
2017-12-28 00:00:00-05:00,22.39778,22.69779,22.30737,22.52107,17000,0.0,0.0
2017-12-29 00:00:00-05:00,22.46355,22.70602,22.42656,22.42656,23800,0.0,0.0
2018-01-02 00:00:00-05:00,22.7019,23.14164,22.406,22.43066,31000,0.0,0.0
2018-01-03 00:00:00-05:00,22.47998,22.70601,22.1923,22.23751,17800,0.0,0.0
2018-01-04 00:00:00-05:00,22.23751,22.49642,22.23751,22.33614,15600,0.0,0.0
2018-01-05 00:00:00-05:00,22.29504,22.48409,22.2334,22.2334,11400,0.0,0.0
2018-01-08 00:00:00-05:00,22.1923,22.35669,22.1923,22.21285,24800,0.0,0.0
2018-01-09 00:00:00-05:00,22.32381,22.72656,22.30326,22.39779,20600,0.0,0.0
2018-01-10 00:00:00-05:00,22.35668,22.91149,22.35668,22.72655,20600,0.0,0.0
2018-01-11 00:00:00-05:00,22.72656,22.72656,22.52519,22.71834,28800,0.0,0.0
2018-01-12 00:00:00-05:00,22.73889,23.40466,22.71834,23.18273,13800,0.0,0.0
2018-01-16 00:00:00-05:00,23.14575,23.63069,23.14575,23.61425,21800,0.0,0.0
2018-01-17 00:00:00-05:00,23.67179,23.76631,23.42521,23.74987,25400,0.0,0.0
2018-01-18 00:00:00-05:00,23.78275,24.00467,23.63891,23.79919,18800,0.0,0.0
2018-01-19 00:00:00-05:00,23.69645,24.30057,23.68823,24.18139,26000,0.0,0.0
2018-01-22 00:00:00-05:00,23.8896,24.5677,23.5485,24.40331,21800,0.0,0.0
2018-01-23 00:00:00-05:00,24.43619,24.43619,23.84439,24.24303,15800,0.0,0.0
2018-01-24 00:00:00-05:00,24.48139,24.58002,23.75398,23.9759,12200,0.0,0.0
2018-01-25 00:00:00-05:00,24.14851,24.37044,23.74987,24.28002,9200,0.0,0.0
2018-01-26 00:00:00-05:00,24.08276,24.45263,22.64437,23.37589,79800,0.0,0.0
2018-01-29 00:00:00-05:00,23.18685,23.29781,22.85807,23.01424,40000,0.0,0.0
2018-01-30 00:00:00-05:00,22.89506,23.5074,22.8704,23.09644,32400,0.0,0.0
2018-01-31 00:00:00-05:00,23.13753,23.98001,23.13753,23.56905,24000,0.0,0.0
2018-02-01 00:00:00-05:00,22.64848,23.94303,22.62793,23.8896,21800,0.0,0.0
2018-02-02 00:00:00-05:00,23.83206,23.86494,23.38,23.62658,31600,0.0,0.0
2018-02-05 00:00:00-05:00,23.56494,23.81974,22.86629,23.1663,39800,0.0,0.0
2018-02-06 00:00:00-05:00,22.91512,23.19924,22.61864,22.89453,30800,0.055,0.0
2018-02-07 00:00:00-05:00,22.89864,22.98511,22.62687,22.62687,17400,0.0,0.0
2018-02-08 00:00:00-05:00,22.30157,22.61452,21.7045,22.45805,57000,0.0,0.0
2018-02-09 00:00:00-05:00,22.6804,22.6804,22.12863,22.44569,20200,0.0,0.0
2018-02-12 00:00:00-05:00,22.38805,22.64335,22.38805,22.63923,9800,0.0,0.0
2018-02-13 00:00:00-05:00,22.51569,22.62275,22.46216,22.47452,11200,0.0,0.0
2018-02-14 00:00:00-05:00,22.35923,22.63923,22.25628,22.50746,22600,0.0,0.0
2018-02-15 00:00:00-05:00,22.63923,22.71746,22.4704,22.52393,10200,0.0,0.0
2018-02-16 00:00:00-05:00,22.45805,23.051,22.27687,23.04277,10600,0.0,0.0
2018-02-20 00:00:00-05:00,22.89865,22.89865,22.29747,22.50335,12400,0.0,0.0
2018-02-21 00:00:00-05:00,22.42923,23.02218,22.3304,22.60217,32200,0.0,0.0
2018-02-22 00:00:00-05:00,22.47864,22.64747,22.35923,22.53217,18000,0.0,0.0
2018-02-23 00:00:00-05:00,22.59805,22.60628,22.37981,22.4251,18000,0.0,0.0
2018-02-26 00:00:00-05:00,22.56511,22.66805,22.45393,22.45393,10800,0.0,0.0
2018-02-27 00:00:00-05:00,22.51569,22.64334,22.34275,22.44569,15800,0.0,0.0
2018-02-28 00:00:00-05:00,22.44569,22.62687,22.33863,22.35922,13000,0.0,0.0
2018-03-01 00:00:00-05:00,22.31805,22.37569,22.15334,22.25216,11600,0.0,0.0
2018-03-02 00:00:00-05:00,22.22745,22.4004,22.07098,22.4004,11800,0.0,0.0
2018-03-05 00:00:00-05:00,22.31393,22.40863,22.15334,22.16981,11400,0.0,0.0
2018-03-06 00:00:00-05:00,22.17392,22.33451,22.15333,22.19863,9600,0.0,0.0
2018-03-07 00:00:00-05:00,22.3304,22.53629,22.24805,22.32217,13400,0.0,0.0
2018-03-08 00:00:00-05:00,22.4004,22.59805,22.25628,22.4704,12200,0.0,0.0
2018-03-09 00:00:00-05:00,22.64746,22.8657,22.64746,22.85335,11400,0.0,0.0
2018-03-12 00:00:00-04:00,22.79158,22.94394,22.42511,22.87394,18000,0.0,0.0
2018-03-13 00:00:00-04:00,22.89865,22.92335,22.72982,22.73806,10800,0.0,0.0
2018-03-14 00:00:00-04:00,22.62687,22.77099,21.82804,22.16981,45600,0.0,0.0
2018-03-15 00:00:00-04:00,22.1904,22.64747,22.12864,22.64747,20400,0.0,0.0
2018-03-16 00:00:00-04:00,22.52394,22.75041,22.29746,22.74629,16200,0.0,0.0
2018-03-19 00:00:00-04:00,22.58158,22.75041,22.45393,22.49923,5200,0.0,0.0
2018-03-20 00:00:00-04:00,22.46217,23.03865,22.46217,22.93983,8000,0.0,0.0
2018-03-21 00:00:00-04:00,22.78335,22.84923,22.55276,22.55276,18600,0.0,0.0
2018-03-22 00:00:00-04:00,22.51981,22.64746,22.27687,22.42099,14800,0.0,0.0
2018-03-23 00:00:00-04:00,22.31804,22.64334,22.04627,22.19451,17600,0.0,0.0
2018-03-26 00:00:00-04:00,21.89804,22.42923,21.84451,21.85275,21200,0.0,0.0
2018-03-27 00:00:00-04:00,22.19452,22.19452,21.87333,22.04628,18400,0.0,0.0
2018-03-28 00:00:00-04:00,22.11216,22.13275,21.86922,21.91451,29400,0.0,0.0
2018-03-29 00:00:00-04:00,21.94745,22.13275,21.84451,22.02981,48400,0.0,0.0
2018-04-02 00:00:00-04:00,21.84863,22.15334,21.84863,21.91451,26400,0.0,0.0
2018-04-03 00:00:00-04:00,22.02157,22.43746,21.86921,22.25216,22200,0.0,0.0
2018-04-04 00:00:00-04:00,22.18216,22.58981,21.80333,22.4004,21600,0.0,0.0
2018-04-05 00:00:00-04:00,22.80806,23.04689,22.41687,23.04277,40600,0.0,0.0
2018-04-06 00:00:00-04:00,22.85335,22.89453,22.67217,22.89453,32000,0.0,0.0
2018-04-09 00:00:00-04:00,22.78335,23.03865,22.78335,22.99335,11600,0.0,0.0
2018-04-10 00:00:00-04:00,22.95629,23.21983,22.72158,23.14983,20400,0.0,0.0
2018-04-11 00:00:00-04:00,23.12924,23.29806,22.93982,23.2363,24600,0.0,0.0
2018-04-12 00:00:00-04:00,23.261,23.30218,22.88629,23.28571,26400,0.0,0.0
2018-04-13 00:00:00-04:00,23.32689,23.32689,22.99336,23.2816,16400,0.0,0.0
2018-04-16 00:00:00-04:00,23.24042,23.33512,22.9357,23.25277,23200,0.0,0.0
2018-04-17 00:00:00-04:00,23.26924,23.26924,22.73806,23.12512,16000,0.0,0.0
2018-04-18 00:00:00-04:00,23.24454,23.26512,23.08394,23.10041,12400,0.0,0.0
2018-04-19 00:00:00-04:00,23.07983,23.34336,23.07983,23.26101,20400,0.0,0.0
2018-04-20 00:00:00-04:00,23.21571,23.28159,22.98512,23.24454,27000,0.0,0.0
2018-04-23 00:00:00-04:00,23.28983,23.28983,23.08395,23.22395,33000,0.0,0.0
2018-04-24 00:00:00-04:00,23.24041,23.24453,23.09218,23.24041,20800,0.0,0.0
2018-04-25 00:00:00-04:00,23.16629,23.31865,23.16629,23.24041,6600,0.0,0.0
2018-04-26 00:00:00-04:00,23.26512,23.26512,22.92335,23.14159,37600,0.0,0.0
2018-04-27 00:00:00-04:00,23.30259,23.52963,23.16223,23.36038,30800,0.07,0.0
2018-04-30 00:00:00-04:00,23.40165,23.89701,23.36863,23.76904,64200,0.0,0.0
2018-05-01 00:00:00-04:00,23.57503,23.83922,23.44706,23.7319,25600,0.0,0.0
2018-05-02 00:00:00-04:00,23.4388,23.71538,23.4388,23.4966,26400,0.0,0.0
2018-05-03 00:00:00-04:00,23.45119,23.73602,23.37689,23.46358,25800,0.0,0.0
2018-05-04 00:00:00-04:00,23.58329,23.9383,23.55026,23.90527,24800,0.0,0.0
2018-05-07 00:00:00-04:00,23.90527,23.92179,23.75254,23.89702,32600,0.0,0.0
2018-05-08 00:00:00-04:00,23.94242,23.94242,23.37275,23.8805,27800,0.0,0.0
2018-05-09 00:00:00-04:00,23.75666,23.9094,23.66172,23.85573,16400,0.0,0.0
2018-05-10 00:00:00-04:00,23.90115,23.90115,23.45945,23.67823,22800,0.0,0.0
2018-05-11 00:00:00-04:00,23.6741,23.69474,23.45119,23.69474,17600,0.0,0.0
2018-05-14 00:00:00-04:00,23.77317,23.92178,23.64108,23.88876,23000,0.0,0.0
2018-05-15 00:00:00-04:00,23.79381,23.90114,23.74015,23.85573,18600,0.0,0.0
2018-05-16 00:00:00-04:00,23.90114,23.90114,23.69887,23.88463,27000,0.0,0.0
2018-05-17 00:00:00-04:00,23.88876,23.92178,23.74428,23.90114,30200,0.0,0.0
2018-05-18 00:00:00-04:00,23.78143,23.95068,23.78143,23.8805,27800,0.0,0.0
2018-05-21 00:00:00-04:00,23.85986,23.91353,23.81445,23.91353,24000,0.0,0.0
2018-05-22 00:00:00-04:00,23.89289,23.92179,23.84335,23.92179,31200,0.0,0.0
2018-05-23 00:00:00-04:00,24.04562,24.17772,23.9383,24.03324,54800,0.0,0.0
2018-05-24 00:00:00-04:00,24.14882,24.76802,24.058,24.34696,64200,0.0,0.0
2018-05-25 00:00:00-04:00,24.48319,24.48319,24.22313,24.25615,27200,0.0,0.0
2018-05-29 00:00:00-04:00,24.16121,24.56162,24.16121,24.27679,18400,0.0,0.0
2018-05-30 00:00:00-04:00,24.41301,24.41301,23.91353,23.97132,23200,0.0,0.0
2018-05-31 00:00:00-04:00,24.26441,24.26441,23.8351,23.98371,21800,0.0,0.0
2018-06-01 00:00:00-04:00,24.11167,24.26028,23.71538,24.02498,48200,0.0,0.0
2018-06-04 00:00:00-04:00,23.9837,24.66895,23.83097,24.48319,54400,0.0,0.0
2018-06-05 00:00:00-04:00,24.4832,24.61116,24.38,24.5575,21800,0.0,0.0
2018-06-06 00:00:00-04:00,24.52447,24.68547,24.50383,24.64831,33600,0.0,0.0
2018-06-07 00:00:00-04:00,24.67721,25.13955,24.59878,24.75564,34600,0.0,0.0
2018-06-08 00:00:00-04:00,24.79692,25.38723,24.79692,24.93315,28600,0.0,0.0
2018-06-11 00:00:00-04:00,24.93314,24.94965,24.41714,24.82169,47200,0.0,0.0
2018-06-12 00:00:00-04:00,24.77215,25.13129,24.75151,24.9703,13400,0.0,0.0
2018-06-13 00:00:00-04:00,24.92902,25.39135,24.77215,24.89186,43600,0.0,0.0
2018-06-14 00:00:00-04:00,24.89186,24.89186,24.49558,24.64005,13200,0.0,0.0
2018-06-15 00:00:00-04:00,24.57813,24.72261,24.37173,24.42127,24000,0.0,0.0
2018-06-18 00:00:00-04:00,24.35935,24.88361,24.35935,24.67721,23200,0.0,0.0
2018-06-19 00:00:00-04:00,24.64831,25.37484,24.64831,25.24275,35000,0.0,0.0
2018-06-20 00:00:00-04:00,25.24275,25.24275,24.48732,24.66483,46000,0.0,0.0
2018-06-21 00:00:00-04:00,24.65244,24.69785,23.78143,24.19836,48400,0.0,0.0
2018-06-22 00:00:00-04:00,24.22725,24.53273,23.93829,24.40476,753200,0.0,0.0
2018-06-25 00:00:00-04:00,24.35935,25.25926,24.35935,25.06111,61600,0.0,0.0
2018-06-26 00:00:00-04:00,25.06937,25.60188,24.735,25.16431,43200,0.0,0.0
2018-06-27 00:00:00-04:00,25.11891,25.42438,24.60704,25.32118,69600,0.0,0.0
2018-06-28 00:00:00-04:00,25.38723,26.41923,25.38723,26.30777,102000,0.0,0.0
2018-06-29 00:00:00-04:00,26.3862,26.39859,25.80002,26.10962,67400,0.0,0.0
2018-07-02 00:00:00-04:00,26.0312,26.27062,25.70508,26.08486,26600,0.0,0.0
2018-07-03 00:00:00-04:00,26.1509,26.37382,26.0766,26.23759,52200,0.0,0.0
2018-07-05 00:00:00-04:00,26.21696,26.39033,26.07248,26.33254,30200,0.0,0.0
2018-07-06 00:00:00-04:00,26.28713,26.41923,26.20457,26.36556,38000,0.0,0.0
2018-07-09 00:00:00-04:00,26.35731,26.96412,26.29539,26.95587,32800,0.0,0.0
2018-07-10 00:00:00-04:00,26.91459,27.40995,26.76185,27.0343,27800,0.0,0.0
2018-07-11 00:00:00-04:00,27.03843,27.03843,26.39446,26.62563,27400,0.0,0.0
2018-07-12 00:00:00-04:00,26.67517,26.67517,26.04771,26.3408,52600,0.0,0.0
2018-07-13 00:00:00-04:00,26.34492,26.34492,25.40374,25.59776,57000,0.0,0.0
2018-07-16 00:00:00-04:00,25.53583,26.34492,24.38824,26.06008,49800,0.0,0.0
2018-07-17 00:00:00-04:00,25.76288,26.12614,25.15606,25.51107,28800,0.0,0.0
2018-07-18 00:00:00-04:00,25.48217,25.48217,24.54511,25.34595,131200,0.0,0.0
2018-07-19 00:00:00-04:00,25.27164,26.00643,25.19321,25.61014,59200,0.0,0.0
2018-07-20 00:00:00-04:00,25.56473,25.80003,25.32943,25.64729,34400,0.0,0.0
2018-07-23 00:00:00-04:00,25.61426,25.86195,25.55234,25.75875,34000,0.0,0.0
2018-07-24 00:00:00-04:00,25.83718,25.95689,25.75049,25.94864,45600,0.0,0.0
2018-07-25 00:00:00-04:00,25.98578,26.0477,25.44914,25.47804,40000,0.0,0.0
2018-07-26 00:00:00-04:00,25.45328,26.08486,25.44502,26.00643,41000,0.0,0.0
2018-07-27 00:00:00-04:00,25.9734,25.9734,25.44915,25.68444,41000,0.0,0.0
2018-07-30 00:00:00-04:00,25.65555,26.0601,25.26339,25.51107,42400,0.0,0.0
2018-07-31 00:00:00-04:00,25.5152,25.59363,25.26339,25.33356,32800,0.0,0.0
2018-08-01 00:00:00-04:00,25.32944,25.38723,25.16019,25.36659,39200,0.0,0.0
2018-08-02 00:00:00-04:00,25.30467,25.84957,25.30467,25.75049,35000,0.0,0.0
2018-08-03 00:00:00-04:00,25.74636,25.75875,25.04047,25.34595,28600,0.0,0.0
2018-08-06 00:00:00-04:00,25.18495,25.56473,25.05699,25.24275,33800,0.0,0.0
2018-08-07 00:00:00-04:00,25.28826,25.32136,24.81659,25.31722,49200,0.07,0.0
2018-08-08 00:00:00-04:00,25.31722,25.37929,25.01933,25.32136,34800,0.0,0.0
2018-08-09 00:00:00-04:00,25.23447,25.43721,24.9945,25.03587,73400,0.0,0.0
2018-08-10 00:00:00-04:00,24.95312,25.56132,24.53523,24.79175,27800,0.0,0.0
2018-08-13 00:00:00-04:00,24.87865,25.22206,24.61385,24.65523,17200,0.0,0.0
2018-08-14 00:00:00-04:00,24.75866,24.81659,24.30768,24.56006,35200,0.0,0.0
2018-08-15 00:00:00-04:00,24.41112,24.55593,24.20838,24.24562,79600,0.0,0.0
2018-08-16 00:00:00-04:00,24.24148,25.07725,24.10494,24.98209,29600,0.0,0.0
2018-08-17 00:00:00-04:00,24.89933,25.23861,24.84141,25.22206,25800,0.0,0.0
2018-08-20 00:00:00-04:00,25.23447,25.23447,24.42353,24.52696,68200,0.0,0.0
2018-08-21 00:00:00-04:00,24.55592,24.94898,24.55592,24.71729,51800,0.0,0.0
2018-08-22 00:00:00-04:00,24.72143,24.94899,24.6304,24.72556,24400,0.0,0.0
2018-08-23 00:00:00-04:00,24.72556,24.72556,23.97254,24.15872,23600,0.0,0.0
2018-08-24 00:00:00-04:00,24.31595,24.39456,23.98495,23.98495,33200,0.0,0.0
2018-08-27 00:00:00-04:00,23.98081,24.03046,23.34364,23.58361,80400,0.0,0.0
2018-08-28 00:00:00-04:00,23.57948,24.16286,23.42639,23.88979,44000,0.0,0.0
2018-08-29 00:00:00-04:00,23.88565,24.22079,23.62085,24.10494,81800,0.0,0.0
2018-08-30 00:00:00-04:00,24.02633,24.40698,24.02633,24.24975,27000,0.0,0.0
2018-08-31 00:00:00-04:00,24.18769,24.38215,23.7698,24.1339,27000,0.0,0.0
2018-09-04 00:00:00-04:00,24.13804,24.33251,23.83601,24.10908,40400,0.0,0.0
2018-09-05 00:00:00-04:00,24.08839,24.25803,23.81532,24.11735,67800,0.0,0.0
2018-09-06 00:00:00-04:00,24.0884,24.36147,24.08012,24.20424,39600,0.0,0.0
2018-09-07 00:00:00-04:00,24.17528,24.34905,24.02633,24.19596,58400,0.0,0.0
2018-09-10 00:00:00-04:00,24.19596,24.28285,23.96426,24.15872,19200,0.0,0.0
2018-09-11 00:00:00-04:00,24.04288,24.04702,23.64568,23.81532,38800,0.0,0.0
2018-09-12 00:00:00-04:00,23.81945,23.99323,23.51328,23.68705,14200,0.0,0.0
2018-09-13 00:00:00-04:00,23.68292,23.68292,23.33537,23.49259,19600,0.0,0.0
2018-09-14 00:00:00-04:00,23.57534,23.59603,23.43053,23.4595,10600,0.0,0.0
2018-09-17 00:00:00-04:00,23.43053,23.4595,23.0623,23.23194,36200,0.0,0.0
2018-09-18 00:00:00-04:00,23.23193,23.24848,22.71889,22.73957,27600,0.0,0.0
2018-09-19 00:00:00-04:00,22.6651,22.82232,22.24307,22.28445,31200,0.0,0.0
2018-09-20 00:00:00-04:00,22.23893,22.59062,22.23893,22.45408,37000,0.0,0.0
2018-09-21 00:00:00-04:00,22.41685,22.7313,22.28859,22.56166,53800,0.0,0.0
2018-09-24 00:00:00-04:00,22.51614,22.68992,22.17687,22.68992,58600,0.0,0.0
2018-09-25 00:00:00-04:00,22.74371,23.12435,22.74371,23.07884,39000,0.0,0.0
2018-09-26 00:00:00-04:00,23.1285,23.16573,22.91335,23.1285,46400,0.0,0.0
2018-09-27 00:00:00-04:00,23.16987,23.36433,22.83473,23.16159,62400,0.0,0.0
2018-09-28 00:00:00-04:00,23.04574,23.31882,22.75612,23.05402,116800,0.0,0.0
2018-10-01 00:00:00-04:00,23.04988,23.28158,22.34651,22.44995,48200,0.0,0.0
2018-10-02 00:00:00-04:00,22.38789,22.59477,21.3287,21.54385,43800,0.0,0.0
2018-10-03 00:00:00-04:00,21.5397,21.8045,21.4404,21.58521,56600,0.0,0.0
2018-10-04 00:00:00-04:00,21.58108,21.88312,21.39076,21.57281,64400,0.0,0.0
2018-10-05 00:00:00-04:00,21.59349,21.79209,21.5066,21.6059,15600,0.0,0.0
2018-10-08 00:00:00-04:00,21.4942,22.00724,21.4942,21.94104,24400,0.0,0.0
2018-10-09 00:00:00-04:00,21.93277,22.08172,21.61004,21.8707,17600,0.0,0.0
2018-10-10 00:00:00-04:00,21.81278,21.94518,21.53556,21.82932,20400,0.0,0.0
2018-10-11 00:00:00-04:00,21.75899,21.8376,21.28732,21.29559,39800,0.0,0.0
2018-10-12 00:00:00-04:00,21.44041,21.44455,20.36053,20.5012,57600,0.0,0.0
2018-10-15 00:00:00-04:00,20.47637,20.61705,20.23226,20.3357,27600,0.0,0.0
2018-10-16 00:00:00-04:00,20.38121,20.60463,20.27364,20.54257,16400,0.0,0.0
2018-10-17 00:00:00-04:00,20.51775,20.65842,20.06676,20.57567,26600,0.0,0.0
2018-10-18 00:00:00-04:00,20.54671,20.68739,20.29846,20.41431,17000,0.0,0.0
2018-10-19 00:00:00-04:00,20.37707,20.47637,19.65301,19.78128,20000,0.0,0.0
2018-10-22 00:00:00-04:00,19.82679,20.12468,19.55785,19.7399,34800,0.0,0.0
2018-10-23 00:00:00-04:00,19.55785,19.87644,19.19789,19.57854,22800,0.0,0.0
2018-10-24 00:00:00-04:00,19.51234,19.51234,18.06836,18.16352,95600,0.0,0.0
2018-10-25 00:00:00-04:00,18.21731,18.88759,17.79115,18.16766,49800,0.0,0.0
2018-10-26 00:00:00-04:00,18.29178,18.82552,18.27523,18.61864,18200,0.0,0.0
2018-10-29 00:00:00-04:00,18.56899,18.78,18.20489,18.43245,51200,0.0,0.0
2018-10-30 00:00:00-04:00,18.4159,18.72208,18.30833,18.40349,26000,0.0,0.0
2018-10-31 00:00:00-04:00,18.44073,18.82552,17.38568,18.67657,76600,0.0,0.0
2018-11-01 00:00:00-04:00,18.67657,18.80897,18.61865,18.75932,33000,0.0,0.0
2018-11-02 00:00:00-04:00,18.80897,19.15652,18.73863,19.15652,53200,0.0,0.0
2018-11-05 00:00:00-05:00,19.15652,19.49166,18.98688,19.10273,24000,0.0,0.0
2018-11-06 00:00:00-05:00,19.10687,19.49166,19.10687,19.49166,6800,0.0,0.0
2018-11-07 00:00:00-05:00,19.5705,19.5871,19.40036,19.50825,16800,0.07,0.0
2018-11-08 00:00:00-05:00,19.49166,19.81949,19.29662,19.49166,25600,0.0,0.0
2018-11-09 00:00:00-05:00,19.5124,19.66594,19.30906,19.40035,30600,0.0,0.0
2018-11-12 00:00:00-05:00,19.42111,19.51655,19.29661,19.29661,20400,0.0,0.0
2018-11-13 00:00:00-05:00,19.29661,19.4294,19.17627,19.38791,25000,0.0,0.0
2018-11-14 00:00:00-05:00,19.37961,19.37961,19.08912,19.12647,43000,0.0,0.0
2018-11-15 00:00:00-05:00,19.06007,19.37131,18.65339,19.31321,31400,0.0,0.0
2018-11-16 00:00:00-05:00,19.15967,19.5456,19.15967,19.39206,120800,0.0,0.0
2018-11-19 00:00:00-05:00,19.42526,19.70329,19.32566,19.41696,65400,0.0,0.0
2018-11-20 00:00:00-05:00,19.39621,19.4543,19.08912,19.18456,36600,0.0,0.0
2018-11-21 00:00:00-05:00,19.21362,19.59125,19.20947,19.44185,46800,0.0,0.0
2018-11-23 00:00:00-05:00,19.446,19.5041,19.22606,19.22606,9800,0.0,0.0
2018-11-26 00:00:00-05:00,19.37961,19.37961,18.98123,19.14307,37000,0.0,0.0
2018-11-27 00:00:00-05:00,19.17211,19.67009,19.08912,19.57464,43000,0.0,0.0
2018-11-28 00:00:00-05:00,19.60785,19.83609,19.31321,19.67425,35600,0.0,0.0
2018-11-29 00:00:00-05:00,19.6535,19.69085,19.54975,19.64935,11000,0.0,0.0
2018-11-30 00:00:00-05:00,19.71159,20.01038,19.58295,19.86098,22400,0.0,0.0
2018-12-03 00:00:00-05:00,20.01038,20.06432,19.63689,19.81119,26800,0.0,0.0
2018-12-04 00:00:00-05:00,19.73234,19.73234,19.04763,19.25097,30800,0.0,0.0
2018-12-06 00:00:00-05:00,18.97708,19.08082,18.4542,18.5372,46800,0.0,0.0
2018-12-07 00:00:00-05:00,18.69074,18.70734,18.3214,18.52474,27000,0.0,0.0
2018-12-10 00:00:00-05:00,18.5289,18.77789,18.24671,18.33386,21600,0.0,0.0
2018-12-11 00:00:00-05:00,18.3629,18.3629,17.85248,17.92302,33000,0.0,0.0
2018-12-12 00:00:00-05:00,17.96868,18.25916,17.92303,18.18862,19800,0.0,0.0
2018-12-13 00:00:00-05:00,18.22181,18.22181,17.89398,17.96453,28600,0.0,0.0
2018-12-14 00:00:00-05:00,17.76948,18.13466,17.74458,17.84003,33000,0.0,0.0
2018-12-17 00:00:00-05:00,17.79853,18.01017,17.78193,18.00187,27000,0.0,0.0
2018-12-18 00:00:00-05:00,18.03092,18.03092,17.56614,17.71138,40000,0.0,0.0
2018-12-19 00:00:00-05:00,17.81513,17.92302,17.4292,17.61179,28000,0.0,0.0
2018-12-20 00:00:00-05:00,17.58274,18.03092,17.31716,17.86078,49800,0.0,0.0
2018-12-21 00:00:00-05:00,17.87323,18.03092,17.59104,17.87323,79400,0.0,0.0
2018-12-24 00:00:00-05:00,17.82343,18.02677,17.45825,17.45825,24000,0.0,0.0
2018-12-26 00:00:00-05:00,17.54539,17.83173,17.11796,17.5122,56600,0.0,0.0
2018-12-27 00:00:00-05:00,17.3794,17.81098,17.11796,17.69479,30200,0.0,0.0
2018-12-28 00:00:00-05:00,17.63668,17.74043,17.3877,17.52879,19200,0.0,0.0
2018-12-31 00:00:00-05:00,17.61179,18.01432,17.44164,17.79438,89400,0.0,0.0
2019-01-02 00:00:00-05:00,17.79854,18.38366,17.68234,18.38366,51000,0.0,0.0
2019-01-03 00:00:00-05:00,18.36706,18.46665,18.12637,18.30066,13600,0.0,0.0
2019-01-04 00:00:00-05:00,18.46665,19.54975,18.4376,19.08912,31200,0.0,0.0
2019-01-07 00:00:00-05:00,19.13062,19.13062,18.5953,18.74469,22200,0.0,0.0
2019-01-08 00:00:00-05:00,18.86918,18.89408,18.5953,18.84014,17600,0.0,0.0
2019-01-09 00:00:00-05:00,18.65754,19.03102,18.29236,18.89823,28000,0.0,0.0
2019-01-10 00:00:00-05:00,18.82353,18.98123,18.49985,18.65339,9200,0.0,0.0
2019-01-11 00:00:00-05:00,18.5953,18.97708,18.57455,18.84014,22800,0.0,0.0
2019-01-14 00:00:00-05:00,18.78618,19.02272,18.70319,18.81523,13000,0.0,0.0
2019-01-15 00:00:00-05:00,18.85673,18.89823,18.59945,18.66584,18800,0.0,0.0
2019-01-16 00:00:00-05:00,18.5704,19.25512,18.5704,19.09743,29800,0.0,0.0
2019-01-17 00:00:00-05:00,19.19287,19.41281,18.93558,19.20531,22200,0.0,0.0
2019-01-18 00:00:00-05:00,19.27586,19.80704,19.27586,19.69914,26800,0.0,0.0
2019-01-22 00:00:00-05:00,19.51655,19.87758,19.49995,19.80289,21200,0.0,0.0
2019-01-23 00:00:00-05:00,19.91494,19.98133,19.6867,19.90664,48800,0.0,0.0
2019-01-24 00:00:00-05:00,20.03528,20.31746,19.79874,20.30502,42600,0.0,0.0
2019-01-25 00:00:00-05:00,20.24276,20.33406,19.84853,20.27596,35000,0.0,0.0
2019-01-28 00:00:00-05:00,20.17222,20.17222,19.62445,19.98133,15600,0.0,0.0
2019-01-29 00:00:00-05:00,21.16403,21.7865,20.95654,21.31757,68600,0.0,0.0
2019-01-30 00:00:00-05:00,21.26362,21.26362,20.21372,20.37141,41800,0.0,0.0
2019-01-31 00:00:00-05:00,20.40877,20.40877,20.08093,20.14733,16400,0.0,0.0
2019-02-01 00:00:00-05:00,20.32992,20.36312,20.05188,20.21372,35600,0.0,0.0
2019-02-04 00:00:00-05:00,20.15977,20.71999,20.05187,20.37971,39800,0.0,0.0
2019-02-05 00:00:00-05:00,20.43799,20.91668,20.43799,20.91668,25200,0.075,0.0
2019-02-06 00:00:00-05:00,20.96662,20.98744,20.35057,20.88337,23000,0.0,0.0
2019-02-07 00:00:00-05:00,20.96247,21.7367,20.90003,21.57436,15400,0.0,0.0
2019-02-08 00:00:00-05:00,21.49111,21.74918,21.27882,21.64512,31600,0.0,0.0
2019-02-11 00:00:00-05:00,21.74918,21.74918,21.0582,21.73253,37600,0.0,0.0
2019-02-12 00:00:00-05:00,21.46613,21.72421,21.46613,21.56603,15400,0.0,0.0
2019-02-13 00:00:00-05:00,21.64096,21.72837,21.52857,21.69507,11200,0.0,0.0
2019-02-14 00:00:00-05:00,21.67842,21.67842,21.32461,21.43699,11200,0.0,0.0
2019-02-15 00:00:00-05:00,21.44948,21.84909,21.27049,21.69923,25600,0.0,0.0
2019-02-19 00:00:00-05:00,21.68258,21.82827,21.68258,21.82827,14600,0.0,0.0
2019-02-20 00:00:00-05:00,21.82411,21.84908,21.67842,21.70756,24000,0.0,0.0
2019-02-21 00:00:00-05:00,21.72005,21.85325,21.72005,21.78665,4400,0.0,0.0
2019-02-22 00:00:00-05:00,21.74918,22.03639,21.64512,22.03639,14400,0.0,0.0
2019-02-25 00:00:00-05:00,22.04056,22.04056,21.75751,21.75751,15600,0.0,0.0
2019-02-26 00:00:00-05:00,21.79081,21.98645,21.62431,21.72005,25800,0.0,0.0
2019-02-27 00:00:00-05:00,21.59101,21.59101,21.22887,21.44115,17800,0.0,0.0
2019-02-28 00:00:00-05:00,21.51608,21.68674,21.39537,21.58268,14800,0.0,0.0
2019-03-01 00:00:00-05:00,21.81163,21.93234,21.40786,21.89487,29200,0.0,0.0
2019-03-04 00:00:00-05:00,21.77416,21.9365,21.74086,21.79913,20000,0.0,0.0
2019-03-05 00:00:00-05:00,21.8366,22.0364,21.48278,21.48278,11800,0.0,0.0
2019-03-06 00:00:00-05:00,21.63679,21.79497,21.08318,21.08318,27000,0.0,0.0
2019-03-07 00:00:00-05:00,21.15811,21.39537,21.02074,21.13729,15800,0.0,0.0
2019-03-08 00:00:00-05:00,20.96247,21.22887,20.90003,21.07902,15000,0.0,0.0
2019-03-11 00:00:00-04:00,21.08734,21.0915,20.78348,20.99993,8400,0.0,0.0
2019-03-12 00:00:00-04:00,21.05404,21.13313,21.02906,21.03739,9400,0.0,0.0
2019-03-13 00:00:00-04:00,21.04572,21.09983,20.77099,20.86257,9400,0.0,0.0
2019-03-14 00:00:00-04:00,20.90835,21.02074,20.60449,20.72104,12600,0.0,0.0
2019-03-15 00:00:00-04:00,20.80845,21.33709,20.54205,21.33709,47400,0.0,0.0
2019-03-18 00:00:00-04:00,21.21221,21.45364,20.91251,21.27465,15000,0.0,0.0
2019-03-19 00:00:00-04:00,21.36207,21.36207,21.11232,21.11232,7400,0.0,0.0
2019-03-20 00:00:00-04:00,20.81261,20.81678,20.54205,20.5587,11800,0.0,0.0
2019-03-21 00:00:00-04:00,20.51708,20.76267,20.22987,20.25068,29200,0.0,0.0
2019-03-22 00:00:00-04:00,20.04255,20.15078,19.16426,19.19756,26000,0.0,0.0
2019-03-25 00:00:00-04:00,19.41817,19.6263,19.21004,19.37654,14000,0.0,0.0
2019-03-26 00:00:00-04:00,19.53888,20.00509,19.48477,20.00509,26600,0.0,0.0
2019-03-27 00:00:00-04:00,19.78447,20.77099,19.68041,20.62946,24800,0.0,0.0
2019-03-28 00:00:00-04:00,20.67109,20.74602,20.2923,20.59617,9200,0.0,0.0
2019-03-29 00:00:00-04:00,20.67109,21.01658,20.48378,21.01242,23000,0.0,0.0
2019-04-01 00:00:00-04:00,21.08734,21.11232,20.41301,20.97912,30600,0.0,0.0
2019-04-02 00:00:00-04:00,20.95831,21.18308,20.60449,20.80429,12400,0.0,0.0
2019-04-03 00:00:00-04:00,20.94165,20.94165,20.81261,20.85008,17800,0.0,0.0
2019-04-04 00:00:00-04:00,20.91252,21.41202,20.91252,21.36623,9000,0.0,0.0
2019-04-05 00:00:00-04:00,21.33293,21.47029,20.97912,21.03323,11000,0.0,0.0
2019-04-08 00:00:00-04:00,20.88754,21.18724,20.87505,21.02074,6600,0.0,0.0
2019-04-09 00:00:00-04:00,20.99577,21.09567,20.81261,20.82094,9400,0.0,0.0
2019-04-10 00:00:00-04:00,20.81261,21.11232,20.46296,21.11232,22600,0.0,0.0
2019-04-11 00:00:00-04:00,21.08734,21.22887,20.48794,20.78348,25000,0.0,0.0
2019-04-12 00:00:00-04:00,20.925,20.925,20.3922,20.6253,28800,0.0,0.0
2019-04-15 00:00:00-04:00,20.73353,21.18724,20.73353,21.12897,32800,0.0,0.0
2019-04-16 00:00:00-04:00,21.0582,21.31212,21.03739,21.19973,23600,0.0,0.0
2019-04-17 00:00:00-04:00,21.22054,21.38704,21.18308,21.20805,7600,0.0,0.0
2019-04-18 00:00:00-04:00,21.20806,21.34958,20.93333,21.22054,17200,0.0,0.0
2019-04-22 00:00:00-04:00,21.34542,21.34542,20.85424,20.89587,19400,0.0,0.0
2019-04-23 00:00:00-04:00,21.08318,21.26633,20.76683,21.22054,26400,0.0,0.0
2019-04-24 00:00:00-04:00,21.14146,21.38704,21.02907,21.27049,13400,0.0,0.0
2019-04-25 00:00:00-04:00,21.32461,21.41202,21.24552,21.41202,9800,0.0,0.0
2019-04-26 00:00:00-04:00,21.24551,21.41201,21.16226,21.17475,29800,0.0,0.0
2019-04-29 00:00:00-04:00,21.13313,21.72837,21.13313,21.39121,35400,0.0,0.0
2019-04-30 00:00:00-04:00,21.28298,21.52025,21.28298,21.51608,18800,0.0,0.0
2019-05-01 00:00:00-04:00,21.42034,21.71172,21.42034,21.43283,27200,0.0,0.0
2019-05-02 00:00:00-04:00,21.40369,21.84075,21.40369,21.74502,23400,0.0,0.0
2019-05-03 00:00:00-04:00,21.75751,22.06137,21.7034,22.03224,34200,0.0,0.0
2019-05-06 00:00:00-04:00,21.75334,21.8907,21.64512,21.73253,11400,0.0,0.0
2019-05-07 00:00:00-04:00,21.64512,21.7367,21.64512,21.64512,13000,0.0,0.0
2019-05-08 00:00:00-04:00,21.64512,21.77035,21.63259,21.70356,13600,0.075,0.0
2019-05-09 00:00:00-04:00,21.56163,21.6326,20.03791,21.50736,6600,0.0,0.0
2019-05-10 00:00:00-04:00,21.37795,21.6493,20.44285,21.44892,23800,0.0,0.0
2019-05-13 00:00:00-04:00,21.24019,21.37378,20.92292,21.37378,19800,0.0,0.0
2019-05-14 00:00:00-04:00,22.07927,22.07927,20.92709,21.08155,14000,0.0,0.0
2019-05-15 00:00:00-04:00,20.88535,21.5658,20.88535,21.5658,20200,0.0,0.0
2019-05-16 00:00:00-04:00,21.44891,21.69103,21.01476,21.09825,22800,0.0,0.0
2019-05-17 00:00:00-04:00,21.05233,21.33203,20.96049,21.05233,11800,0.0,0.0
2019-05-20 00:00:00-04:00,21.01893,21.24019,20.79768,21.00224,7200,0.0,0.0
2019-05-21 00:00:00-04:00,20.97302,20.97302,20.81438,20.89787,6000,0.0,0.0
2019-05-22 00:00:00-04:00,20.77263,20.82273,20.70584,20.70584,5200,0.0,0.0
2019-05-23 00:00:00-04:00,20.64323,20.64323,20.03792,20.03792,35400,0.0,0.0
2019-05-24 00:00:00-04:00,20.07131,20.29256,19.88346,20.14645,71400,0.0,0.0
2019-05-28 00:00:00-04:00,20.11723,20.65993,20.05044,20.26752,23000,0.0,0.0
2019-05-29 00:00:00-04:00,20.36353,20.39275,20.08383,20.25499,14600,0.0,0.0
2019-05-30 00:00:00-04:00,20.31761,20.31761,19.91267,19.99617,15800,0.0,0.0
2019-05-31 00:00:00-04:00,19.90433,20.00869,19.47852,19.68307,30800,0.0,0.0
2019-06-03 00:00:00-04:00,19.6622,19.94607,19.4159,19.52444,30800,0.0,0.0
2019-06-04 00:00:00-04:00,19.9252,19.98782,19.78744,19.82918,16400,0.0,0.0
2019-06-05 00:00:00-04:00,19.74569,20.17985,19.68725,19.91685,17600,0.0,0.0
2019-06-06 00:00:00-04:00,19.79578,19.97947,19.68307,19.76239,11000,0.0,0.0
2019-06-07 00:00:00-04:00,19.80414,20.07549,19.7123,20.07549,12200,0.0,0.0
2019-06-10 00:00:00-04:00,20.05044,20.28004,19.9586,20.24664,6800,0.0,0.0
2019-06-11 00:00:00-04:00,20.39692,20.39692,20.21324,20.39692,9200,0.0,0.0
2019-06-12 00:00:00-04:00,20.36353,20.91457,20.13393,20.5973,7400,0.0,0.0
2019-06-13 00:00:00-04:00,20.66827,20.95632,20.33014,20.64323,19200,0.0,0.0
2019-06-14 00:00:00-04:00,20.60983,20.93544,20.41362,20.71837,18800,0.0,0.0
2019-06-17 00:00:00-04:00,20.59313,20.82273,20.20907,20.32178,8400,0.0,0.0
2019-06-18 00:00:00-04:00,20.38857,20.76846,20.17567,20.76846,22000,0.0,0.0
2019-06-19 00:00:00-04:00,20.50128,20.67662,20.44701,20.56808,22200,0.0,0.0
2019-06-20 00:00:00-04:00,20.53886,20.73506,20.47207,20.54303,6800,0.0,0.0
2019-06-21 00:00:00-04:00,20.45537,20.60983,20.10888,20.24664,37800,0.0,0.0
2019-06-24 00:00:00-04:00,20.1882,20.28004,20.07966,20.17567,10800,0.0,0.0
2019-06-25 00:00:00-04:00,20.12558,20.45537,20.04627,20.44702,15800,0.0,0.0
2019-06-26 00:00:00-04:00,20.48041,20.97301,20.48041,20.68914,24200,0.0,0.0
2019-06-27 00:00:00-04:00,20.83943,21.27776,20.81438,21.16087,38800,0.0,0.0
2019-06-28 00:00:00-04:00,21.54076,21.76618,21.37378,21.65347,184600,0.0,0.0
2019-07-01 00:00:00-04:00,21.70774,21.8121,21.16087,21.24436,17400,0.0,0.0
2019-07-02 00:00:00-04:00,21.28611,21.67017,20.877,21.06903,20800,0.0,0.0
2019-07-03 00:00:00-04:00,21.08155,21.08155,20.56808,20.57643,5600,0.0,0.0
2019-07-05 00:00:00-04:00,20.73507,21.25689,20.73507,21.25689,6400,0.0,0.0
2019-07-08 00:00:00-04:00,21.21932,21.70357,20.81021,20.8937,14800,0.0,0.0
2019-07-09 00:00:00-04:00,20.62236,20.86448,20.62236,20.7142,7400,0.0,0.0
2019-07-10 00:00:00-04:00,20.83943,20.83943,20.42197,20.42197,5800,0.0,0.0
2019-07-11 00:00:00-04:00,20.48042,20.61401,20.24664,20.44702,11400,0.0,0.0
2019-07-12 00:00:00-04:00,20.32178,21.26941,20.32178,20.877,17600,0.0,0.0
2019-07-15 00:00:00-04:00,20.9104,21.21931,20.62235,20.83108,7200,0.0,0.0
2019-07-16 00:00:00-04:00,20.83108,21.13165,20.37605,20.69749,13800,0.0,0.0
2019-07-17 00:00:00-04:00,20.65575,20.65575,20.31343,20.58478,12600,0.0,0.0
2019-07-18 00:00:00-04:00,20.59313,20.59313,20.14645,20.28839,7200,0.0,0.0
2019-07-19 00:00:00-04:00,20.28839,20.65992,20.15898,20.27169,12000,0.0,0.0
2019-07-22 00:00:00-04:00,20.33013,20.42615,20.14228,20.42615,5400,0.0,0.0
2019-07-23 00:00:00-04:00,20.42615,20.42615,20.19654,20.21324,5400,0.0,0.0
2019-07-24 00:00:00-04:00,20.32178,20.6641,20.14228,20.53886,13400,0.0,0.0
2019-07-25 00:00:00-04:00,20.55555,21.54075,20.47206,21.41551,7200,0.0,0.0
2019-07-26 00:00:00-04:00,21.29863,21.3863,20.45537,20.6307,22400,0.0,0.0
2019-07-29 00:00:00-04:00,20.51799,20.61818,20.24664,20.24664,11800,0.0,0.0
2019-07-30 00:00:00-04:00,20.19237,20.57226,20.19237,20.30091,18600,0.0,0.0
2019-07-31 00:00:00-04:00,20.34683,20.85195,20.34683,20.5806,68400,0.0,0.0
2019-08-01 00:00:00-04:00,20.62653,20.91457,20.18402,20.18402,24800,0.0,0.0
2019-08-02 00:00:00-04:00,20.16733,20.16733,19.88346,19.88346,11400,0.0,0.0
2019-08-05 00:00:00-04:00,19.82918,20.05043,19.54531,19.54531,14200,0.0,0.0
2019-08-06 00:00:00-04:00,19.85005,19.85005,19.6288,19.6288,5000,0.0,0.0
2019-08-07 00:00:00-04:00,19.58274,19.59949,19.43198,19.43198,16200,0.075,0.0
2019-08-08 00:00:00-04:00,19.8047,20.51246,19.76701,20.26118,28000,0.0,0.0
2019-08-09 00:00:00-04:00,20.31562,20.31562,20.01828,20.13136,5800,0.0,0.0
2019-08-12 00:00:00-04:00,19.98896,20.35331,19.89264,19.99734,9000,0.0,0.0
2019-08-13 00:00:00-04:00,19.96803,20.34494,19.96803,20.34494,1800,0.0,0.0
2019-08-14 00:00:00-04:00,20.12298,20.49989,19.75444,20.1146,35800,0.0,0.0
2019-08-15 00:00:00-04:00,20.30306,20.47895,19.91777,20.41195,41600,0.0,0.0
2019-08-16 00:00:00-04:00,20.391,20.57527,20.20255,20.57527,27200,0.0,0.0
2019-08-19 00:00:00-04:00,20.5669,20.58365,20.45801,20.56271,11000,0.0,0.0
2019-08-20 00:00:00-04:00,20.3952,20.49571,20.3575,20.37007,7400,0.0,0.0
2019-08-21 00:00:00-04:00,20.40357,21.09876,20.29468,20.91449,33600,0.0,0.0
2019-08-22 00:00:00-04:00,20.75536,21.04851,20.48733,20.48733,10000,0.0,0.0
2019-08-23 00:00:00-04:00,20.48733,20.57109,19.85495,20.02247,13800,0.0,0.0
2019-08-26 00:00:00-04:00,20.03085,20.45383,20.03085,20.45383,11600,0.0,0.0
2019-08-27 00:00:00-04:00,20.45383,20.45383,19.93452,20.25699,9000,0.0,0.0
2019-08-28 00:00:00-04:00,19.93871,20.34913,19.8382,20.34913,10800,0.0,0.0
2019-08-29 00:00:00-04:00,20.30725,20.30725,20.12298,20.27375,7600,0.0,0.0
2019-08-30 00:00:00-04:00,20.17324,20.26956,20.10204,20.26956,9400,0.0,0.0
2019-09-03 00:00:00-04:00,20.17743,20.26537,19.95128,19.97641,9200,0.0,0.0
2019-09-04 00:00:00-04:00,20.24862,20.24862,20.24862,20.24862,1200,0.0,0.0
2019-09-05 00:00:00-04:00,20.31144,20.51246,20.27794,20.38682,10000,0.0,0.0
2019-09-06 00:00:00-04:00,20.27375,20.39939,20.1188,20.39939,7600,0.0,0.0
2019-09-09 00:00:00-04:00,20.34076,21.08202,20.34076,20.88519,15000,0.0,0.0
2019-09-10 00:00:00-04:00,20.97732,21.04432,20.78467,20.87262,10800,0.0,0.0
2019-09-11 00:00:00-04:00,20.94381,21.14483,20.89356,20.95219,18600,0.0,0.0
2019-09-12 00:00:00-04:00,21.07364,21.71439,20.96475,21.71439,27000,0.0,0.0
2019-09-13 00:00:00-04:00,21.66832,21.66832,21.38773,21.56362,15200,0.0,0.0
2019-09-16 00:00:00-04:00,21.49662,21.77721,21.42961,21.65995,9600,0.0,0.0
2019-09-17 00:00:00-04:00,21.32073,22.14994,21.32073,22.07037,21000,0.0,0.0
2019-09-18 00:00:00-04:00,21.99917,22.14994,21.6767,21.92379,26400,0.0,0.0
2019-09-19 00:00:00-04:00,21.79815,21.94473,21.69345,21.69345,19600,0.0,0.0
2019-09-20 00:00:00-04:00,21.63063,21.74789,21.42542,21.60969,60000,0.0,0.0
2019-09-23 00:00:00-04:00,21.34585,21.60969,21.23278,21.31235,18200,0.0,0.0
2019-09-24 00:00:00-04:00,21.35842,21.35842,21.18672,21.24953,26600,0.0,0.0
2019-09-25 00:00:00-04:00,20.93963,21.33748,20.91869,21.31654,24400,0.0,0.0
2019-09-26 00:00:00-04:00,21.35842,21.70602,21.08202,21.52594,22400,0.0,0.0
2019-09-27 00:00:00-04:00,21.56363,21.65158,21.55525,21.57619,42200,0.0,0.0
2019-09-30 00:00:00-04:00,21.91123,22.01592,21.4003,21.98661,13600,0.0,0.0
2019-10-01 00:00:00-04:00,21.81909,21.89866,21.40449,21.58457,18800,0.0,0.0
2019-10-02 00:00:00-04:00,21.77721,21.92798,21.31654,21.77721,31000,0.0,0.0
2019-10-03 00:00:00-04:00,21.75627,21.76046,21.37936,21.73114,13200,0.0,0.0
2019-10-04 00:00:00-04:00,21.65995,22.06617,21.65995,21.94473,9800,0.0,0.0
2019-10-07 00:00:00-04:00,21.79815,21.98661,21.75627,21.7814,11600,0.0,0.0
2019-10-08 00:00:00-04:00,21.77721,21.79815,21.15321,21.17415,12400,0.0,0.0
2019-10-09 00:00:00-04:00,21.19928,21.24534,21.10295,21.10295,7200,0.0,0.0
2019-10-10 00:00:00-04:00,21.22859,21.29979,21.01082,21.22441,8000,0.0,0.0
2019-10-11 00:00:00-04:00,21.18671,21.72696,21.18671,21.38355,16200,0.0,0.0
2019-10-14 00:00:00-04:00,20.96475,21.53431,20.96475,21.52175,6600,0.0,0.0
2019-10-15 00:00:00-04:00,21.54687,22.02848,21.40448,21.73952,9400,0.0,0.0
2019-10-16 00:00:00-04:00,21.65995,22.04943,21.61807,21.91123,8600,0.0,0.0
2019-10-17 00:00:00-04:00,21.86516,22.00336,21.78559,21.97824,17000,0.0,0.0
2019-10-18 00:00:00-04:00,21.82328,21.87353,21.61807,21.7814,7200,0.0,0.0
2019-10-21 00:00:00-04:00,21.99498,22.36352,21.85259,22.36352,23800,0.0,0.0
2019-10-22 00:00:00-04:00,22.19182,22.61061,22.19182,22.5101,14600,0.0,0.0
2019-10-23 00:00:00-04:00,22.4054,22.92052,22.4054,22.92052,22000,0.0,0.0
2019-10-24 00:00:00-04:00,22.84513,22.86607,22.6148,22.6148,6000,0.0,0.0
2019-10-25 00:00:00-04:00,22.74043,23.21786,22.74043,22.87445,24200,0.0,0.0
2019-10-28 00:00:00-04:00,23.01683,23.84186,23.01683,23.57383,31800,0.0,0.0
2019-10-29 00:00:00-04:00,23.74554,24.0387,23.49008,23.54871,37200,0.0,0.0
2019-10-30 00:00:00-04:00,23.25974,23.90887,23.2388,23.79161,40800,0.0,0.0
2019-10-31 00:00:00-04:00,23.80841,24.16144,23.74537,24.06057,28400,0.1,0.0
2019-11-01 00:00:00-04:00,24.06058,24.14884,23.91769,24.14884,43800,0.0,0.0
2019-11-04 00:00:00-05:00,24.16564,24.49345,23.96391,24.15724,25200,0.0,0.0
2019-11-05 00:00:00-05:00,24.01434,24.61954,23.95551,24.34216,33000,0.0,0.0
2019-11-06 00:00:00-05:00,24.52708,24.59012,24.30434,24.43042,21400,0.0,0.0
2019-11-07 00:00:00-05:00,24.5565,24.76664,24.48505,24.75403,30000,0.0,0.0
2019-11-08 00:00:00-05:00,24.59012,25.09025,24.57331,25.00619,52800,0.0,0.0
2019-11-11 00:00:00-05:00,25.05242,25.1701,24.95996,25.14908,35800,0.0,0.0
2019-11-12 00:00:00-05:00,25.21212,25.31719,24.84228,24.84649,26200,0.0,0.0
2019-11-13 00:00:00-05:00,24.88851,25.24995,24.88431,25.17009,18200,0.0,0.0
2019-11-14 00:00:00-05:00,25.06923,25.34661,25.04401,25.11546,13000,0.0,0.0
2019-11-15 00:00:00-05:00,25.09445,25.23314,24.99358,24.99358,9400,0.0,0.0
2019-11-18 00:00:00-05:00,25.01039,25.1701,24.82127,25.07764,13600,0.0,0.0
2019-11-19 00:00:00-05:00,25.04822,25.30038,24.81286,24.95576,12000,0.0,0.0
2019-11-20 00:00:00-05:00,24.80025,24.83808,23.77479,23.77479,40600,0.0,0.0
2019-11-21 00:00:00-05:00,23.92609,24.39259,23.75378,24.28752,32800,0.0,0.0
2019-11-22 00:00:00-05:00,24.22869,24.78765,24.22869,24.75403,30000,0.0,0.0
2019-11-25 00:00:00-05:00,24.73722,25.21633,24.73722,25.21633,21200,0.0,0.0
2019-11-26 00:00:00-05:00,25.10705,25.4895,24.88851,25.14487,19200,0.0,0.0
2019-11-27 00:00:00-05:00,25.19532,25.40545,25.13228,25.40545,13200,0.0,0.0
2019-11-29 00:00:00-05:00,25.3424,25.35922,25.05662,25.12386,8200,0.0,0.0
2019-12-02 00:00:00-05:00,25.28357,25.39704,24.91793,25.14908,23600,0.0,0.0
2019-12-03 00:00:00-05:00,24.96836,25.19951,24.89692,25.13227,17800,0.0,0.0
2019-12-04 00:00:00-05:00,25.19111,25.19111,24.98518,25.01039,39600,0.0,0.0
2019-12-05 00:00:00-05:00,25.11966,25.32139,24.99358,25.20792,48200,0.0,0.0
2019-12-06 00:00:00-05:00,25.34661,25.93499,25.34661,25.82572,36200,0.0,0.0
2019-12-09 00:00:00-05:00,25.83833,26.14933,25.83833,25.98963,43200,0.0,0.0
2019-12-10 00:00:00-05:00,25.76688,26.51917,25.76688,26.39309,22200,0.0,0.0
2019-12-11 00:00:00-05:00,26.29222,26.37627,26.17454,26.31323,42200,0.0,0.0
2019-12-12 00:00:00-05:00,27.06973,27.06973,26.30903,26.59902,47000,0.0,0.0
2019-12-13 00:00:00-05:00,26.59903,26.85539,26.32585,26.7083,32600,0.0,0.0
2019-12-16 00:00:00-05:00,26.77554,26.89742,26.48975,26.68728,41400,0.0,0.0
2019-12-17 00:00:00-05:00,26.68308,26.89741,26.55279,26.83437,42600,0.0,0.0
2019-12-18 00:00:00-05:00,26.83437,26.89741,26.64525,26.69568,23200,0.0,0.0
2019-12-19 00:00:00-05:00,26.86379,26.86799,26.24599,26.64525,26600,0.0,0.0
2019-12-20 00:00:00-05:00,26.64525,26.8764,26.47714,26.85539,82600,0.0,0.0
2019-12-23 00:00:00-05:00,26.85959,26.868,26.06107,26.4057,27600,0.0,0.0
2019-12-24 00:00:00-05:00,26.38468,26.51916,26.24178,26.24178,7400,0.0,0.0
2019-12-26 00:00:00-05:00,26.30483,26.63684,26.29642,26.63684,11600,0.0,0.0
2019-12-27 00:00:00-05:00,26.64104,26.69147,26.22497,26.46873,16800,0.0,0.0
2019-12-30 00:00:00-05:00,26.46873,26.64104,26.38048,26.56119,8800,0.0,0.0
2019-12-31 00:00:00-05:00,26.74611,26.8764,26.39309,26.80916,23800,0.0,0.0
2020-01-02 00:00:00-05:00,26.79655,26.79655,26.38048,26.38048,21200,0.0,0.0
2020-01-03 00:00:00-05:00,26.35947,26.35947,26.12412,26.22078,14800,0.0,0.0
2020-01-06 00:00:00-05:00,26.24179,26.52757,25.85514,26.4183,19000,0.0,0.0
2020-01-07 00:00:00-05:00,26.4141,26.4141,25.62819,25.88876,24400,0.0,0.0
2020-01-08 00:00:00-05:00,25.81311,25.97282,25.67442,25.89297,17400,0.0,0.0
2020-01-09 00:00:00-05:00,26.02325,26.48135,25.98123,26.00644,14000,0.0,0.0
2020-01-10 00:00:00-05:00,25.97281,26.42671,25.73326,25.76268,22800,0.0,0.0
2020-01-13 00:00:00-05:00,25.85514,26.5654,25.85514,26.5654,24000,0.0,0.0
2020-01-14 00:00:00-05:00,26.63264,26.7335,26.12831,26.13671,34800,0.0,0.0
2020-01-15 00:00:00-05:00,26.18715,26.58641,25.89296,26.01484,15800,0.0,0.0
2020-01-16 00:00:00-05:00,26.17454,26.82597,26.08208,26.7209,17400,0.0,0.0
2020-01-17 00:00:00-05:00,26.74191,26.83017,26.29222,26.43511,10200,0.0,0.0
2020-01-21 00:00:00-05:00,26.15353,26.19135,25.88876,25.97702,15800,0.0,0.0
2020-01-22 00:00:00-05:00,26.01484,26.80916,25.77108,26.35106,17200,0.0,0.0
2020-01-23 00:00:00-05:00,26.16614,26.35106,25.96021,26.06948,11200,0.0,0.0
2020-01-24 00:00:00-05:00,26.20817,26.33845,25.77109,25.7921,11400,0.0,0.0
2020-01-27 00:00:00-05:00,25.69543,26.1115,25.42646,26.05687,12000,0.0,0.0
2020-01-28 00:00:00-05:00,25.96021,25.96441,25.42646,25.64921,26600,0.0,0.0
2020-01-29 00:00:00-05:00,25.43066,25.46849,23.95551,24.79185,54200,0.0,0.0
2020-01-30 00:00:00-05:00,24.4052,24.4052,22.69469,23.3335,72200,0.0,0.0
2020-01-31 00:00:00-05:00,23.07294,23.27467,22.79976,22.99729,63800,0.0,0.0
2020-02-03 00:00:00-05:00,22.93845,23.53104,22.84179,22.90483,41600,0.0,0.0
2020-02-04 00:00:00-05:00,23.08203,23.58831,22.68966,22.72342,26600,0.105,0.0
2020-02-05 00:00:00-05:00,22.8753,23.16219,22.68966,22.87108,33400,0.0,0.0
2020-02-06 00:00:00-05:00,22.95124,23.03562,22.82467,22.82467,19000,0.0,0.0
2020-02-07 00:00:00-05:00,22.77826,22.79514,22.36058,22.39433,42600,0.0,0.0
2020-02-10 00:00:00-05:00,22.3648,22.59263,21.84165,21.98931,12000,0.0,0.0
2020-02-11 00:00:00-05:00,22.31839,22.65591,22.15385,22.65591,57800,0.0,0.0
2020-02-12 00:00:00-05:00,22.7192,22.90905,22.50825,22.50825,32200,0.0,0.0
2020-02-13 00:00:00-05:00,22.43652,22.57153,21.77836,21.95977,43400,0.0,0.0
2020-02-14 00:00:00-05:00,22.08635,22.20448,21.93868,21.93868,19800,0.0,0.0
2020-02-18 00:00:00-05:00,21.92181,21.964,21.55475,21.81211,14400,0.0,0.0
2020-02-19 00:00:00-05:00,21.8332,22.06103,21.74039,21.74039,12000,0.0,0.0
2020-02-20 00:00:00-05:00,21.7193,22.01463,21.7193,21.98087,6000,0.0,0.0
2020-02-21 00:00:00-05:00,21.90915,22.06103,21.72352,22.06103,17800,0.0,0.0
2020-02-24 00:00:00-05:00,21.61383,21.61383,21.0738,21.11599,18200,0.0,0.0
2020-02-25 00:00:00-05:00,21.23411,21.23411,20.69408,20.87972,29000,0.0,0.0
2020-02-26 00:00:00-05:00,20.85863,21.41131,20.84175,21.09489,31400,0.0,0.0
2020-02-27 00:00:00-05:00,20.79112,22.27198,20.67299,20.67299,59000,0.0,0.0
2020-02-28 00:00:00-05:00,20.53798,20.54642,19.6309,20.16249,52200,0.0,0.0
2020-03-02 00:00:00-05:00,20.11609,20.52533,19.89248,20.44095,58600,0.0,0.0
2020-03-03 00:00:00-05:00,20.40298,20.40298,19.89248,19.91358,40800,0.0,0.0
2020-03-04 00:00:00-05:00,20.3186,20.50423,19.95155,20.50423,30600,0.0,0.0
2020-03-05 00:00:00-05:00,20.11187,20.41142,19.42839,19.63934,45400,0.0,0.0
2020-03-06 00:00:00-05:00,19.21744,19.67309,19.18791,19.33979,28400,0.0,0.0
2020-03-09 00:00:00-04:00,18.52553,18.52553,16.64808,17.51719,47400,0.0,0.0
2020-03-10 00:00:00-04:00,17.90112,18.40318,16.83372,17.60579,31000,0.0,0.0
2020-03-11 00:00:00-04:00,17.17968,18.60148,16.20931,16.74512,80600,0.0,0.0
2020-03-12 00:00:00-04:00,15.96883,15.96883,14.46265,15.37395,138600,0.0,0.0
2020-03-13 00:00:00-04:00,16.01524,16.01524,15.44146,15.59334,60200,0.0,0.0
2020-03-16 00:00:00-04:00,13.30666,14.36984,13.04508,13.28978,126000,0.0,0.0
2020-03-17 00:00:00-04:00,13.42479,15.15457,12.9607,15.12925,64800,0.0,0.0
2020-03-18 00:00:00-04:00,14.47953,14.80861,12.11268,12.79194,56400,0.0,0.0
2020-03-19 00:00:00-04:00,12.68646,14.51328,11.90595,14.51328,48200,0.0,0.0
2020-03-20 00:00:00-04:00,14.20529,14.98581,11.60219,12.44598,108800,0.0,0.0
2020-03-23 00:00:00-04:00,12.97336,13.01133,12.19706,12.61052,61400,0.0,0.0
2020-03-24 00:00:00-04:00,12.66537,14.34453,12.66537,14.34031,67800,0.0,0.0
2020-03-25 00:00:00-04:00,14.32343,15.73679,13.92263,15.16301,15600,0.0,0.0
2020-03-26 00:00:00-04:00,15.30645,15.61443,15.1166,15.49208,48800,0.0,0.0
2020-03-27 00:00:00-04:00,14.94784,15.18832,14.37406,14.46266,20200,0.0,0.0
2020-03-30 00:00:00-04:00,14.20108,14.52594,12.75397,14.42469,29200,0.0,0.0
2020-03-31 00:00:00-04:00,14.15889,15.18832,13.6062,15.18832,58000,0.0,0.0
2020-04-01 00:00:00-04:00,14.93518,15.09972,14.35718,14.40359,65600,0.0,0.0
2020-04-02 00:00:00-04:00,14.22217,14.82971,13.45432,13.89731,52800,0.0,0.0
2020-04-03 00:00:00-04:00,13.64839,13.92263,12.44598,12.49239,57200,0.0,0.0
2020-04-06 00:00:00-04:00,12.82569,14.49641,12.82569,14.007,58000,0.0,0.0
2020-04-07 00:00:00-04:00,14.41624,14.71579,14.3403,14.70735,54000,0.0,0.0
2020-04-08 00:00:00-04:00,14.70314,15.81695,14.43734,15.81695,30200,0.0,0.0
2020-04-09 00:00:00-04:00,15.92242,17.69439,15.8296,17.69439,33200,0.0,0.0
2020-04-13 00:00:00-04:00,17.59735,17.59735,15.81695,15.93508,32200,0.0,0.0
2020-04-14 00:00:00-04:00,16.17556,16.27681,15.25582,15.54693,29600,0.0,0.0
2020-04-15 00:00:00-04:00,14.85502,15.42458,14.66939,15.26848,34800,0.0,0.0
2020-04-16 00:00:00-04:00,15.04066,15.04066,13.50073,13.86778,34600,0.0,0.0
2020-04-17 00:00:00-04:00,14.65251,16.17978,14.65251,15.98571,33200,0.0,0.0
2020-04-20 00:00:00-04:00,15.56803,16.71559,15.0069,15.0069,28200,0.0,0.0
2020-04-21 00:00:00-04:00,14.43734,15.31067,14.43734,15.13347,19800,0.0,0.0
2020-04-22 00:00:00-04:00,15.50474,15.77897,14.6736,15.22207,34200,0.0,0.0
2020-04-23 00:00:00-04:00,15.26426,15.37817,14.28968,14.75798,22800,0.0,0.0
2020-04-24 00:00:00-04:00,15.42458,15.61022,15.04909,15.39927,33600,0.0,0.0
2020-04-27 00:00:00-04:00,15.28535,17.18389,15.28535,16.83794,42400,0.0,0.0
2020-04-28 00:00:00-04:00,16.97295,17.44969,16.72825,16.9392,30200,0.0,0.0
2020-04-29 00:00:00-04:00,17.37797,18.76601,16.87591,18.63944,41200,0.0,0.0
2020-04-30 00:00:00-04:00,17.99815,18.42427,17.20499,17.69861,11800,0.0,0.0
2020-05-01 00:00:00-04:00,17.04888,17.82518,17.04888,17.79564,20600,0.0,0.0
2020-05-04 00:00:00-04:00,17.45391,17.9855,16.90122,17.92643,17200,0.0,0.0
2020-05-05 00:00:00-04:00,17.85893,17.85893,16.45401,16.45401,16400,0.0,0.0
2020-05-06 00:00:00-04:00,15.72018,16.82729,15.72018,16.53885,15200,0.105,0.0
2020-05-07 00:00:00-04:00,16.21223,17.20057,16.21223,17.20057,20400,0.0,0.0
2020-05-08 00:00:00-04:00,17.20905,17.89199,16.64489,17.28965,27800,0.0,0.0
2020-05-11 00:00:00-04:00,17.00545,17.28965,16.13163,16.16981,51800,0.0,0.0
2020-05-12 00:00:00-04:00,16.54309,16.59399,15.25782,15.25782,25000,0.0,0.0
2020-05-13 00:00:00-04:00,15.25782,15.25782,13.92165,14.49853,17800,0.0,0.0
2020-05-14 00:00:00-04:00,14.14646,15.23661,13.79015,15.20691,49800,0.0,0.0
2020-05-15 00:00:00-04:00,15.0839,16.1995,14.63427,16.1995,28000,0.0,0.0
2020-05-18 00:00:00-04:00,16.18677,17.81987,16.07224,17.81563,29000,0.0,0.0
2020-05-19 00:00:00-04:00,17.8326,17.8326,16.54309,16.54309,22600,0.0,0.0
2020-05-20 00:00:00-04:00,16.62793,17.56961,16.20375,17.49326,14400,0.0,0.0
2020-05-21 00:00:00-04:00,17.47629,18.02349,16.81457,16.97151,30600,0.0,0.0
2020-05-22 00:00:00-04:00,17.30237,17.64596,17.17936,17.64596,17000,0.0,0.0
2020-05-26 00:00:00-04:00,17.97683,18.87609,17.97683,18.58341,17800,0.0,0.0
2020-05-27 00:00:00-04:00,18.62158,19.08818,18.4307,18.57916,39200,0.0,0.0
2020-05-28 00:00:00-04:00,18.83368,18.8464,18.07439,18.1974,15400,0.0,0.0
2020-05-29 00:00:00-04:00,18.11257,18.12953,17.73504,17.91744,24200,0.0,0.0
2020-06-01 00:00:00-04:00,18.07439,18.07439,17.09453,17.09453,20200,0.0,0.0
2020-06-02 00:00:00-04:00,17.4169,17.4169,16.53885,16.86547,16000,0.0,0.0
2020-06-03 00:00:00-04:00,17.39145,17.94713,17.39145,17.61627,15000,0.0,0.0
2020-06-04 00:00:00-04:00,17.60355,17.98955,17.27693,17.93865,16600,0.0,0.0
2020-06-05 00:00:00-04:00,18.43494,19.51236,18.34586,18.93124,27200,0.0,0.0
2020-06-08 00:00:00-04:00,19.08818,19.5972,18.55371,19.5972,29000,0.0,0.0
2020-06-09 00:00:00-04:00,18.97365,19.56751,18.7955,19.56751,15200,0.0,0.0
2020-06-10 00:00:00-04:00,19.42753,19.51237,18.45615,18.45615,11200,0.0,0.0
2020-06-11 00:00:00-04:00,17.81563,17.81563,16.27161,16.85274,20000,0.0,0.0
2020-06-12 00:00:00-04:00,17.39145,17.39145,16.3819,16.96727,27800,0.0,0.0
2020-06-15 00:00:00-04:00,16.25041,16.75518,16.01711,16.62793,40800,0.0,0.0
2020-06-16 00:00:00-04:00,17.11149,17.81564,16.50491,16.86123,39200,0.0,0.0
2020-06-17 00:00:00-04:00,17.01393,17.35328,16.01711,16.01711,9800,0.0,0.0
2020-06-18 00:00:00-04:00,16.01286,16.01286,15.30448,15.90682,27800,0.0,0.0
2020-06-19 00:00:00-04:00,16.00013,16.02134,14.82515,16.02134,47400,0.0,0.0
2020-06-22 00:00:00-04:00,15.69897,16.53461,15.27054,16.331,38000,0.0,0.0
2020-06-23 00:00:00-04:00,16.05104,17.2345,15.94923,16.16132,45200,0.0,0.0
2020-06-24 00:00:00-04:00,15.97893,16.11891,14.95241,15.23237,32400,0.0,0.0
2020-06-25 00:00:00-04:00,15.28752,16.31828,13.90468,16.31828,17400,0.0,0.0
2020-06-26 00:00:00-04:00,15.86864,16.31827,14.90151,15.41477,86800,0.0,0.0
2020-06-29 00:00:00-04:00,15.83895,16.48795,15.80502,16.4116,55600,0.0,0.0
2020-06-30 00:00:00-04:00,16.30131,16.75518,15.99166,16.36069,23400,0.0,0.0
2020-07-01 00:00:00-04:00,16.57279,16.79336,16.25465,16.41584,25600,0.0,0.0
2020-07-02 00:00:00-04:00,16.67459,16.67459,15.73714,15.73714,23400,0.0,0.0
2020-07-06 00:00:00-04:00,16.10619,16.48371,15.96197,15.96197,36400,0.0,0.0
2020-07-07 00:00:00-04:00,15.8644,15.86864,15.30024,15.30024,19200,0.0,0.0
2020-07-08 00:00:00-04:00,15.31296,15.5505,14.88878,15.5505,11000,0.0,0.0
2020-07-09 00:00:00-04:00,15.28751,15.28751,14.54095,14.54095,18800,0.0,0.0
2020-07-10 00:00:00-04:00,14.53671,15.24509,14.32462,15.24509,11800,0.0,0.0
2020-07-13 00:00:00-04:00,15.12208,15.41477,14.82091,14.97362,17400,0.0,0.0
2020-07-14 00:00:00-04:00,14.4646,15.20267,14.4646,14.68941,14800,0.0,0.0
2020-07-15 00:00:00-04:00,15.20692,15.5505,15.01604,15.19419,43400,0.0,0.0
2020-07-16 00:00:00-04:00,14.98635,15.296,14.77425,14.82516,15400,0.0,0.0
2020-07-17 00:00:00-04:00,14.67669,15.17298,14.67669,14.97786,6200,0.0,0.0
2020-07-20 00:00:00-04:00,14.82939,14.82939,14.66396,14.66396,3000,0.0,0.0
2020-07-21 00:00:00-04:00,14.84212,15.27054,14.66396,15.04573,19800,0.0,0.0
2020-07-22 00:00:00-04:00,15.17722,15.17722,14.68942,14.72759,10400,0.0,0.0
2020-07-23 00:00:00-04:00,14.59185,15.25782,14.48581,14.48581,15200,0.0,0.0
2020-07-24 00:00:00-04:00,15.26631,16.05104,15.10087,15.76684,80400,0.0,0.0
2020-07-27 00:00:00-04:00,16.05104,16.16557,15.48688,15.92803,24200,0.0,0.0
2020-07-28 00:00:00-04:00,15.8644,16.50067,15.69897,15.69897,44200,0.0,0.0
2020-07-29 00:00:00-04:00,15.84743,16.24616,15.80501,15.97045,21400,0.0,0.0
2020-07-30 00:00:00-04:00,15.90682,16.22496,15.70745,16.06377,45000,0.0,0.0
2020-07-31 00:00:00-04:00,16.06376,16.18678,15.95348,16.11891,14400,0.0,0.0
2020-08-03 00:00:00-04:00,16.22495,16.22495,15.79653,16.02134,10000,0.0,0.0
2020-08-04 00:00:00-04:00,16.15285,16.16133,15.97045,16.14436,4200,0.0,0.0
2020-08-05 00:00:00-04:00,16.26805,16.57942,16.05905,16.57942,19200,0.105,0.0
2020-08-06 00:00:00-04:00,16.73724,17.00169,16.37895,16.72444,13400,0.0,0.0
2020-08-07 00:00:00-04:00,16.65193,16.89079,16.3235,16.57516,8000,0.0,0.0
2020-08-10 00:00:00-04:00,16.75857,18.33249,16.63914,18.10216,38400,0.0,0.0
2020-08-11 00:00:00-04:00,18.42206,18.44765,17.66709,17.66709,19000,0.0,0.0
2020-08-12 00:00:00-04:00,17.99979,19.12584,17.99979,18.0723,62800,0.0,0.0
2020-08-13 00:00:00-04:00,18.50737,18.60547,18.13202,18.25998,9000,0.0,0.0
2020-08-14 00:00:00-04:00,17.83344,18.27278,17.82918,18.21306,11800,0.0,0.0
2020-08-17 00:00:00-04:00,18.08936,18.32822,17.90595,17.94007,17000,0.0,0.0
2020-08-18 00:00:00-04:00,18.14481,18.14481,17.3216,17.46662,11800,0.0,0.0
2020-08-19 00:00:00-04:00,17.65003,18.12349,17.30454,17.30454,11800,0.0,0.0
2020-08-20 00:00:00-04:00,17.26615,17.34292,17.087,17.27468,12000,0.0,0.0
2020-08-21 00:00:00-04:00,17.08274,17.48795,16.20834,16.251,35400,0.0,0.0
2020-08-24 00:00:00-04:00,16.49838,17.03581,16.31923,16.72871,17800,0.0,0.0
2020-08-25 00:00:00-04:00,17.22776,17.22776,16.62634,16.74151,16400,0.0,0.0
2020-08-26 00:00:00-04:00,16.90786,16.9889,16.60502,16.60502,8400,0.0,0.0
2020-08-27 00:00:00-04:00,17.06141,17.41117,16.89079,17.15098,23200,0.0,0.0
2020-08-28 00:00:00-04:00,17.3216,17.67562,17.3216,17.59458,11200,0.0,0.0
2020-08-31 00:00:00-04:00,17.49648,17.61164,16.20834,16.89933,40400,0.0,0.0
2020-09-01 00:00:00-04:00,17.14672,17.4453,17.01449,17.4453,19200,0.0,0.0
2020-09-02 00:00:00-04:00,17.31733,17.56472,17.15524,17.35998,12400,0.0,0.0
2020-09-03 00:00:00-04:00,17.28747,17.57325,17.12539,17.28321,12400,0.0,0.0
2020-09-04 00:00:00-04:00,17.55193,17.55193,17.12539,17.23203,17400,0.0,0.0
2020-09-08 00:00:00-04:00,17.10406,17.26615,16.89933,17.02302,31400,0.0,0.0
2020-09-09 00:00:00-04:00,17.35145,17.35145,16.74577,16.80549,20800,0.0,0.0
2020-09-10 00:00:00-04:00,16.9761,17.33439,16.7415,17.0742,22600,0.0,0.0
2020-09-11 00:00:00-04:00,16.93771,17.88036,16.93771,17.28321,23800,0.0,0.0
2020-09-14 00:00:00-04:00,17.46662,17.51781,17.10407,17.1979,15000,0.0,0.0
2020-09-15 00:00:00-04:00,17.36852,17.37705,17.10407,17.10407,5600,0.0,0.0
2020-09-16 00:00:00-04:00,17.23202,17.37704,17.04434,17.13392,17600,0.0,0.0
2020-09-17 00:00:00-04:00,17.02302,17.38131,16.8524,17.21069,8800,0.0,0.0
2020-09-18 00:00:00-04:00,17.47515,17.91448,17.3941,17.8377,59000,0.0,0.0
2020-09-21 00:00:00-04:00,17.48794,17.82917,17.32586,17.66282,34800,0.0,0.0
2020-09-22 00:00:00-04:00,17.41117,17.47941,17.28321,17.28321,21000,0.0,0.0
2020-09-23 00:00:00-04:00,17.39838,17.39838,16.83108,16.83108,19400,0.0,0.0
2020-09-24 00:00:00-04:00,16.84814,17.087,16.7543,16.79269,13200,0.0,0.0
2020-09-25 00:00:00-04:00,16.90359,16.91638,16.74577,16.84814,8800,0.0,0.0
2020-09-28 00:00:00-04:00,17.01876,17.39838,17.01876,17.06568,17000,0.0,0.0
2020-09-29 00:00:00-04:00,17.13819,18.32822,17.13819,17.57325,7200,0.0,0.0
2020-09-30 00:00:00-04:00,17.74813,17.89315,17.48794,17.48794,9200,0.0,0.0
2020-10-01 00:00:00-04:00,17.6159,17.70974,17.48794,17.48794,12600,0.0,0.0
2020-10-02 00:00:00-04:00,17.18937,17.95713,16.74151,17.95713,8600,0.0,0.0
2020-10-05 00:00:00-04:00,16.76283,18.63532,16.76283,18.63532,35600,0.0,0.0
2020-10-06 00:00:00-04:00,18.56281,18.9211,18.22585,18.5031,23400,0.0,0.0
2020-10-07 00:00:00-04:00,18.34955,19.19835,18.34101,19.10451,12600,0.0,0.0
2020-10-08 00:00:00-04:00,19.28793,19.28793,18.20453,18.47324,24400,0.0,0.0
2020-10-09 00:00:00-04:00,18.52869,18.77608,18.38794,18.38794,22600,0.0,0.0
2020-10-12 00:00:00-04:00,18.57135,18.76755,18.57135,18.76329,9800,0.0,0.0
2020-10-13 00:00:00-04:00,18.60547,19.17276,18.48178,18.75049,49400,0.0,0.0
2020-10-14 00:00:00-04:00,18.74195,19.34763,18.74195,19.30498,14400,0.0,0.0
2020-10-15 00:00:00-04:00,18.75049,20.0301,18.75049,20.0301,22800,0.0,0.0
2020-10-16 00:00:00-04:00,19.76564,20.90022,19.40735,20.11114,22600,0.0,0.0
2020-10-19 00:00:00-04:00,19.74858,20.17938,19.70592,19.70592,14400,0.0,0.0
2020-10-20 00:00:00-04:00,19.83816,20.1282,19.83816,20.1282,4800,0.0,0.0
2020-10-21 00:00:00-04:00,20.06848,20.17938,19.94052,19.98318,6000,0.0,0.0
2020-10-22 00:00:00-04:00,20.47796,20.47796,20.19644,20.26896,11400,0.0,0.0
2020-10-23 00:00:00-04:00,20.90023,20.90023,20.36706,20.50782,24200,0.0,0.0
2020-10-26 00:00:00-04:00,20.64004,20.82345,20.35,20.35,20000,0.0,0.0
2020-10-27 00:00:00-04:00,20.69549,20.69549,19.42868,19.42868,15000,0.0,0.0
2020-10-28 00:00:00-04:00,19.30498,19.32631,18.04244,18.17467,54000,0.0,0.0
2020-10-29 00:00:00-04:00,18.08509,19.241,18.08509,19.241,24800,0.0,0.0
2020-10-30 00:00:00-04:00,19.30072,20.16232,19.30072,19.75285,23000,0.0,0.0
2020-11-02 00:00:00-05:00,20.27323,20.3628,20.04716,20.3628,19800,0.0,0.0
2020-11-03 00:00:00-05:00,20.47796,21.24145,20.47796,21.07937,18000,0.0,0.0
2020-11-04 00:00:00-05:00,20.73815,20.73815,19.77844,19.77844,6600,0.0,0.0
2020-11-05 00:00:00-05:00,20.00553,21.09386,19.7313,19.90269,11800,0.105,0.0
2020-11-06 00:00:00-05:00,20.11265,20.20691,19.49136,19.49136,17400,0.0,0.0
2020-11-09 00:00:00-05:00,20.82392,21.42379,20.18121,20.18121,26600,0.0,0.0
2020-11-10 00:00:00-05:00,20.13408,21.41522,20.13408,21.25668,24600,0.0,0.0
2020-11-11 00:00:00-05:00,21.1367,21.1924,20.59682,21.12385,26600,0.0,0.0
2020-11-12 00:00:00-05:00,20.74679,21.27382,20.35688,20.35688,11000,0.0,0.0
2020-11-13 00:00:00-05:00,20.62253,21.40664,20.62253,21.2781,14600,0.0,0.0
2020-11-16 00:00:00-05:00,21.44949,22.06221,21.42807,22.06221,15200,0.0,0.0
2020-11-17 00:00:00-05:00,21.88654,22.32787,21.73658,21.87369,12600,0.0,0.0
2020-11-18 00:00:00-05:00,22.25074,22.27645,21.89082,21.89082,15400,0.0,0.0
2020-11-19 00:00:00-05:00,21.94653,21.97224,21.42379,21.77514,17800,0.0,0.0
2020-11-20 00:00:00-05:00,21.51377,21.83941,21.40236,21.83941,33600,0.0,0.0
2020-11-23 00:00:00-05:00,21.85226,21.85226,21.32095,21.59518,22200,0.0,0.0
2020-11-24 00:00:00-05:00,21.65088,22.12649,20.94818,22.11363,26200,0.0,0.0
2020-11-25 00:00:00-05:00,21.98509,22.31073,21.98081,22.28074,15400,0.0,0.0
2020-11-27 00:00:00-05:00,22.10935,22.10935,21.92082,22.07507,7600,0.0,0.0
2020-11-30 00:00:00-05:00,22.10078,22.92345,21.98081,22.92345,24000,0.0,0.0
2020-12-01 00:00:00-05:00,22.99201,23.18482,22.55925,22.55925,33000,0.0,0.0
2020-12-02 00:00:00-05:00,22.67493,23.03057,22.67493,23.00915,20400,0.0,0.0
2020-12-03 00:00:00-05:00,23.03914,23.56617,23.00486,23.28766,30000,0.0,0.0
2020-12-04 00:00:00-05:00,23.35193,23.56616,23.06913,23.54902,17800,0.0,0.0
2020-12-07 00:00:00-05:00,23.51475,23.75898,22.39214,23.67757,14000,0.0,0.0
2020-12-08 00:00:00-05:00,23.7804,24.41455,23.65186,24.41455,38000,0.0,0.0
2020-12-09 00:00:00-05:00,24.42312,24.59022,24.14889,24.14889,13400,0.0,0.0
2020-12-10 00:00:00-05:00,24.19603,24.42312,23.87467,24.42312,9000,0.0,0.0
2020-12-11 00:00:00-05:00,24.41026,24.77875,24.38884,24.46168,8400,0.0,0.0
2020-12-14 00:00:00-05:00,24.44882,24.85159,24.42311,24.4831,21400,0.0,0.0
2020-12-15 00:00:00-05:00,24.29886,25.06583,24.17889,24.47025,37800,0.0,0.0
2020-12-16 00:00:00-05:00,24.69734,25.3272,24.53023,24.92443,21200,0.0,0.0
2020-12-17 00:00:00-05:00,24.50881,25.68283,24.50881,25.49002,26800,0.0,0.0
2020-12-18 00:00:00-05:00,25.49002,25.67855,25.26292,25.40861,75600,0.0,0.0
2020-12-21 00:00:00-05:00,25.23722,25.36148,24.88587,25.13439,17200,0.0,0.0
2020-12-22 00:00:00-05:00,24.89872,24.89872,24.31171,24.55166,14200,0.0,0.0
2020-12-23 00:00:00-05:00,24.46597,24.50881,24.316,24.32457,9600,0.0,0.0
2020-12-24 00:00:00-05:00,24.54737,24.80874,24.54737,24.80874,3000,0.0,0.0
2020-12-28 00:00:00-05:00,25.08725,25.44289,24.38455,24.38455,23000,0.0,0.0
2020-12-29 00:00:00-05:00,24.38883,24.38883,23.47618,23.8361,17800,0.0,0.0
2020-12-30 00:00:00-05:00,23.8661,24.35457,23.45905,23.45905,12200,0.0,0.0
2020-12-31 00:00:00-05:00,23.67328,23.87895,23.48047,23.48047,13400,0.0,0.0
2021-01-04 00:00:00-05:00,23.69042,23.90895,23.25766,23.72042,24800,0.0,0.0
2021-01-05 00:00:00-05:00,23.65186,23.88752,23.45048,23.60901,22600,0.0,0.0
2021-01-06 00:00:00-05:00,23.93894,25.75139,23.93894,25.54572,26600,0.0,0.0
2021-01-07 00:00:00-05:00,25.57572,25.85851,25.13439,25.70854,22800,0.0,0.0
2021-01-08 00:00:00-05:00,25.70855,25.92279,24.92015,25.22009,18800,0.0,0.0
2021-01-11 00:00:00-05:00,25.25007,25.60142,24.95014,25.3829,13400,0.0,0.0
2021-01-12 00:00:00-05:00,25.38719,25.98705,25.38719,25.6657,15400,0.0,0.0
2021-01-13 00:00:00-05:00,25.50716,25.54144,24.5131,24.75304,20800,0.0,0.0
2021-01-14 00:00:00-05:00,24.44882,25.25007,23.98607,24.38884,32400,0.0,0.0
2021-01-15 00:00:00-05:00,24.18317,25.70426,23.75898,24.35027,18800,0.0,0.0
2021-01-19 00:00:00-05:00,24.98014,25.34862,24.08034,24.24744,28600,0.0,0.0
2021-01-20 00:00:00-05:00,24.2603,24.29886,23.84039,23.88324,9600,0.0,0.0
2021-01-21 00:00:00-05:00,23.86181,24.0632,23.64329,23.75898,16800,0.0,0.0
2021-01-22 00:00:00-05:00,23.56616,24.18317,23.45476,24.1746,52600,0.0,0.0
2021-01-25 00:00:00-05:00,24.06748,24.67164,23.44191,24.42312,27600,0.0,0.0
2021-01-26 00:00:00-05:00,23.99464,24.18317,23.67329,23.78041,14800,0.0,0.0
2021-01-27 00:00:00-05:00,23.48475,23.50618,22.61923,22.81633,40000,0.0,0.0
2021-01-28 00:00:00-05:00,23.04342,23.56616,22.70921,23.22338,31800,0.0,0.0
2021-01-29 00:00:00-05:00,23.2191,23.50189,22.97487,22.97487,54000,0.0,0.0
2021-02-01 00:00:00-05:00,23.34336,23.98607,23.0777,23.73327,26400,0.0,0.0
2021-02-02 00:00:00-05:00,24.10604,24.53024,23.22767,24.21316,36800,0.0,0.0
2021-02-03 00:00:00-05:00,23.99464,24.91586,23.99464,24.86445,13600,0.0,0.0
2021-02-04 00:00:00-05:00,24.83017,25.28007,24.83017,25.22009,16800,0.0,0.0
2021-02-05 00:00:00-05:00,25.17295,25.28007,25.06583,25.2158,12800,0.0,0.0
2021-02-08 00:00:00-05:00,25.30578,25.4686,25.07011,25.3829,14000,0.0,0.0
2021-02-09 00:00:00-05:00,25.36148,25.60142,25.36148,25.47288,19600,0.0,0.0
2021-02-10 00:00:00-05:00,25.58478,25.71388,25.17594,25.57617,24200,0.13,0.0
2021-02-11 00:00:00-05:00,25.62781,25.62781,25.17593,25.39111,22000,0.0,0.0
2021-02-12 00:00:00-05:00,25.44706,25.69236,25.34808,25.69236,12400,0.0,0.0
2021-02-16 00:00:00-05:00,25.71388,25.71388,25.39111,25.41693,11400,0.0,0.0
2021-02-17 00:00:00-05:00,25.39541,25.58477,25.39111,25.39541,15600,0.0,0.0
2021-02-18 00:00:00-05:00,25.42124,25.74831,25.3696,25.47719,26200,0.0,0.0
2021-02-19 00:00:00-05:00,25.57186,25.64503,25.1329,25.54174,11400,0.0,0.0
2021-02-22 00:00:00-05:00,25.33086,25.64072,25.18454,25.47719,21600,0.0,0.0
2021-02-23 00:00:00-05:00,25.43846,25.91615,25.22328,25.6063,42000,0.0,0.0
2021-02-24 00:00:00-05:00,25.66654,26.2131,25.39111,26.20449,41600,0.0,0.0
2021-02-25 00:00:00-05:00,26.13994,26.55738,25.83438,25.83438,23800,0.0,0.0
2021-02-26 00:00:00-05:00,26.44119,26.55738,26.04956,26.0926,26000,0.0,0.0
2021-03-01 00:00:00-05:00,26.61333,28.26591,26.35942,27.6505,39200,0.0,0.0
2021-03-02 00:00:00-05:00,27.86567,27.99048,27.39228,27.39228,24200,0.0,0.0
2021-03-03 00:00:00-05:00,27.68923,28.71348,27.49127,28.05503,56600,0.0,0.0
2021-03-04 00:00:00-05:00,28.20996,28.6188,27.14267,27.23735,27400,0.0,0.0
2021-03-05 00:00:00-05:00,27.76668,29.21699,27.76668,29.21699,79800,0.0,0.0
2021-03-08 00:00:00-05:00,29.78076,31.68294,29.33319,30.97285,82200,0.0,0.0
2021-03-09 00:00:00-05:00,31.07614,31.5022,30.58123,30.89109,33400,0.0,0.0
2021-03-10 00:00:00-05:00,29.72481,31.43334,29.72481,31.08905,36600,0.0,0.0
2021-03-11 00:00:00-05:00,31.27841,31.53662,30.99437,31.41612,24000,0.0,0.0
2021-03-12 00:00:00-05:00,31.27841,31.41612,30.88248,31.41612,19000,0.0,0.0
2021-03-15 00:00:00-04:00,31.41613,31.41613,31.01589,31.32145,23000,0.0,0.0
2021-03-16 00:00:00-04:00,31.42043,31.67004,30.20252,30.26707,21400,0.0,0.0
2021-03-17 00:00:00-04:00,30.52528,30.95564,30.52098,30.59844,25600,0.0,0.0
2021-03-18 00:00:00-04:00,30.75338,31.43334,30.32302,30.34884,43800,0.0,0.0
2021-03-19 00:00:00-04:00,30.65008,30.65008,29.87114,29.99594,57800,0.0,0.0
2021-03-22 00:00:00-04:00,30.06049,30.5425,28.7479,28.79524,46400,0.0,0.0
2021-03-23 00:00:00-04:00,28.91574,29.40204,28.16261,28.16261,31600,0.0,0.0
2021-03-24 00:00:00-04:00,28.59298,29.57419,27.97757,27.97757,20200,0.0,0.0
2021-03-25 00:00:00-04:00,27.82264,29.64736,27.6505,29.64736,35400,0.0,0.0
2021-03-26 00:00:00-04:00,29.73773,30.12505,29.26434,29.44078,21800,0.0,0.0
2021-03-29 00:00:00-04:00,29.4709,29.97442,28.97599,29.30737,26000,0.0,0.0
2021-03-30 00:00:00-04:00,29.2213,30.05189,28.92005,29.19548,16800,0.0,0.0
2021-03-31 00:00:00-04:00,28.68335,29.74203,28.40792,28.92004,33800,0.0,0.0
2021-04-01 00:00:00-04:00,28.75651,29.23851,28.58006,29.12231,16400,0.0,0.0
2021-04-05 00:00:00-04:00,29.36332,29.88835,29.19548,29.39345,15200,0.0,0.0
2021-04-06 00:00:00-04:00,29.5785,29.90987,29.48382,29.90987,17000,0.0,0.0
2021-04-07 00:00:00-04:00,29.78076,30.32301,29.38483,29.79797,10600,0.0,0.0
2021-04-08 00:00:00-04:00,29.63875,29.85823,28.97169,29.17826,27600,0.0,0.0
2021-04-09 00:00:00-04:00,29.2256,29.25573,28.72208,29.11371,11000,0.0,0.0
2021-04-12 00:00:00-04:00,29.22561,29.65596,28.6188,29.19978,26800,0.0,0.0
2021-04-13 00:00:00-04:00,29.3375,29.47952,28.43805,28.58007,15200,0.0,0.0
2021-04-14 00:00:00-04:00,28.82968,28.82968,28.24439,28.42514,24600,0.0,0.0
2021-04-15 00:00:00-04:00,28.72208,29.04916,28.51551,29.01043,12400,0.0,0.0
2021-04-16 00:00:00-04:00,29.19978,29.24282,28.6231,28.86841,12800,0.0,0.0
2021-04-19 00:00:00-04:00,28.97169,28.97169,28.11528,28.23148,19400,0.0,0.0
2021-04-20 00:00:00-04:00,28.44235,28.44235,27.73657,27.75809,19600,0.0,0.0
2021-04-21 00:00:00-04:00,27.86137,28.45096,27.86137,28.1368,14600,0.0,0.0
2021-04-22 00:00:00-04:00,28.20996,28.20996,27.35354,27.51278,36600,0.0,0.0
2021-04-23 00:00:00-04:00,27.65911,29.03626,27.65911,28.83829,13400,0.0,0.0
2021-04-26 00:00:00-04:00,29.00612,29.53976,28.55854,28.93726,31800,0.0,0.0
2021-04-27 00:00:00-04:00,29.39774,29.55267,28.79954,29.26433,20600,0.0,0.0
2021-04-28 00:00:00-04:00,29.48812,29.53546,28.20996,28.6188,38000,0.0,0.0
2021-04-29 00:00:00-04:00,28.82537,29.40635,28.72208,28.91574,63400,0.0,0.0
2021-04-30 00:00:00-04:00,28.92005,29.4666,28.87701,29.41496,35600,0.0,0.0
2021-05-03 00:00:00-04:00,29.66027,30.12075,29.64305,30.12075,60400,0.0,0.0
2021-05-04 00:00:00-04:00,29.87544,30.11214,29.75064,29.78077,24000,0.0,0.0
2021-05-05 00:00:00-04:00,30.19552,30.19552,29.82828,30.02702,14600,0.135,0.0
2021-05-06 00:00:00-04:00,29.77645,30.24306,29.64684,30.24306,29200,0.0,0.0
2021-05-07 00:00:00-04:00,29.98382,30.1912,29.83692,30.02702,23800,0.0,0.0
2021-05-10 00:00:00-04:00,30.08319,30.58868,30.02703,30.07023,25000,0.0,0.0
2021-05-11 00:00:00-04:00,29.76348,30.51092,29.76348,30.01839,18400,0.0,0.0
2021-05-12 00:00:00-04:00,30.04431,30.29921,29.46105,29.46105,40200,0.0,0.0
2021-05-13 00:00:00-04:00,29.64251,30.24305,29.37896,30.07455,23200,0.0,0.0
2021-05-14 00:00:00-04:00,30.2128,30.48067,30.19552,30.43315,36800,0.0,0.0
2021-05-17 00:00:00-04:00,30.41155,30.77015,30.29058,30.2949,30800,0.0,0.0
2021-05-18 00:00:00-04:00,30.35106,30.35106,29.84989,29.84989,35600,0.0,0.0
2021-05-19 00:00:00-04:00,29.4913,30.09184,29.02901,29.81533,21800,0.0,0.0
2021-05-20 00:00:00-04:00,29.69436,30.35106,29.69436,30.35106,51200,0.0,0.0
2021-05-21 00:00:00-04:00,30.35107,30.95161,29.9147,30.95161,48600,0.0,0.0
2021-05-24 00:00:00-04:00,30.81335,30.81335,30.17825,30.45907,19000,0.0,0.0
2021-05-25 00:00:00-04:00,30.40291,30.83927,29.44377,29.44377,38000,0.0,0.0
2021-05-26 00:00:00-04:00,29.67707,30.26465,29.67707,30.08751,29800,0.0,0.0
2021-05-27 00:00:00-04:00,30.41587,30.97753,30.41587,30.89976,21600,0.0,0.0
2021-05-28 00:00:00-04:00,30.93432,31.00777,30.51092,30.75286,10600,0.0,0.0
2021-06-01 00:00:00-04:00,30.89112,30.97753,30.70102,30.80039,11000,0.0,0.0
2021-06-02 00:00:00-04:00,30.96889,30.96889,30.37267,30.58869,20600,0.0,0.0
2021-06-03 00:00:00-04:00,30.32946,30.77447,30.17825,30.51092,25200,0.0,0.0
2021-06-04 00:00:00-04:00,30.34242,30.68806,30.34242,30.485,6200,0.0,0.0
2021-06-07 00:00:00-04:00,30.64917,30.99913,30.61893,30.8868,13000,0.0,0.0
2021-06-08 00:00:00-04:00,30.81767,31.19355,30.67509,30.95592,17000,0.0,0.0
2021-06-09 00:00:00-04:00,30.83927,30.91272,30.65349,30.7183,14600,0.0,0.0
2021-06-10 00:00:00-04:00,30.83063,30.91272,30.01839,30.01839,18000,0.0,0.0
2021-06-11 00:00:00-04:00,30.04431,30.70966,30.04431,30.54548,23000,0.0,0.0
2021-06-14 00:00:00-04:00,30.49364,30.49364,30.24305,30.25602,14000,0.0,0.0
2021-06-15 00:00:00-04:00,30.45475,30.61029,30.1696,30.39426,19800,0.0,0.0
2021-06-16 00:00:00-04:00,29.94062,30.77878,29.94062,30.42019,34400,0.0,0.0
2021-06-17 00:00:00-04:00,30.55413,30.64053,29.90606,29.90606,28800,0.0,0.0
2021-06-18 00:00:00-04:00,29.91902,30.45908,29.91902,29.91902,92200,0.0,0.0
2021-06-21 00:00:00-04:00,30.15664,30.72262,30.1264,30.1264,27000,0.0,0.0
2021-06-22 00:00:00-04:00,30.23873,30.5282,29.86717,29.86717,34400,0.0,0.0
2021-06-23 00:00:00-04:00,29.99678,30.67941,29.99678,30.45475,51000,0.0,0.0
2021-06-24 00:00:00-04:00,30.48067,30.87383,30.41587,30.87383,12000,0.0,0.0
2021-06-25 00:00:00-04:00,31.03368,31.7552,30.70101,30.85223,142800,0.0,0.0
2021-06-28 00:00:00-04:00,30.96456,31.1417,30.43747,30.6967,50200,0.0,0.0
2021-06-29 00:00:00-04:00,30.83927,31.64287,30.67509,30.9948,13600,0.0,0.0
2021-06-30 00:00:00-04:00,30.73126,31.49166,30.73126,30.79175,19200,0.0,0.0
2021-07-01 00:00:00-04:00,31.08554,31.08554,30.51956,30.58869,54400,0.0,0.0
2021-07-02 00:00:00-04:00,30.63189,30.83063,30.34242,30.39426,20600,0.0,0.0
2021-07-06 00:00:00-04:00,30.62757,30.63189,29.89741,30.15664,74800,0.0,0.0
2021-07-07 00:00:00-04:00,30.10912,30.11776,29.58203,29.58203,18600,0.0,0.0
2021-07-08 00:00:00-04:00,29.39624,29.94062,28.85187,29.68139,19800,0.0,0.0
2021-07-09 00:00:00-04:00,30.00111,30.70966,30.00111,30.28626,35800,0.0,0.0
2021-07-12 00:00:00-04:00,30.36402,30.96888,30.10047,30.93432,36200,0.0,0.0
2021-07-13 00:00:00-04:00,30.76582,30.77878,29.73323,30.04863,34000,0.0,0.0
2021-07-14 00:00:00-04:00,30.02703,30.6751,30.00975,30.67077,26600,0.0,0.0
2021-07-15 00:00:00-04:00,30.32946,31.84161,30.32946,30.96888,26700,0.0,2.0
2021-07-16 00:00:00-04:00,30.85655,30.94296,30.42451,30.42451,19500,0.0,0.0
2021-07-19 00:00:00-04:00,30.15665,30.18257,29.42217,29.55178,31500,0.0,0.0
2021-07-20 00:00:00-04:00,29.56907,31.10714,29.56907,30.75286,32000,0.0,0.0
2021-07-21 00:00:00-04:00,31.17627,31.57375,30.55412,30.61461,16400,0.0,0.0
2021-07-22 00:00:00-04:00,30.684,31.20452,29.60829,30.24157,20800,0.14,0.0
2021-07-23 00:00:00-04:00,30.3023,31.08307,30.3023,30.73606,28300,0.0,0.0
2021-07-26 00:00:00-04:00,30.57123,31.352,30.57123,31.15247,27800,0.0,0.0
2021-07-27 00:00:00-04:00,30.91824,31.22188,29.83385,30.17218,35800,0.0,0.0
2021-07-28 00:00:00-04:00,30.45845,31.06571,30.42375,30.70135,19400,0.0,0.0
2021-07-29 00:00:00-04:00,30.90089,31.18717,30.18086,30.41508,27000,0.0,0.0
2021-07-30 00:00:00-04:00,30.49316,30.57124,29.99868,30.17218,11500,0.0,0.0
2021-08-02 00:00:00-04:00,30.43242,30.8228,30.16349,30.23289,20000,0.0,0.0
2021-08-03 00:00:00-04:00,30.18952,30.59726,29.78179,30.27628,12500,0.0,0.0
2021-08-04 00:00:00-04:00,29.96397,30.29362,29.84252,29.84252,17100,0.0,0.0
2021-08-05 00:00:00-04:00,30.06807,30.66665,30.06807,30.49315,12800,0.0,0.0
2021-08-06 00:00:00-04:00,30.71004,31.65563,30.71004,31.11777,12400,0.0,0.0
2021-08-09 00:00:00-04:00,31.11777,31.11777,29.05308,29.49551,39300,0.0,0.0
2021-08-10 00:00:00-04:00,29.65166,30.34568,29.64299,30.27628,21000,0.0,0.0
2021-08-11 00:00:00-04:00,30.1635,31.55152,30.1635,30.92692,21300,0.0,0.0
2021-08-12 00:00:00-04:00,30.92691,31.62092,30.70136,30.93559,49500,0.0,0.0
2021-08-13 00:00:00-04:00,30.93559,30.93559,30.54521,30.76208,8300,0.0,0.0
2021-08-16 00:00:00-04:00,30.43243,30.78811,29.51286,30.01602,22100,0.0,0.0
2021-08-17 00:00:00-04:00,29.58226,30.14614,29.4261,29.59093,24000,0.0,0.0
2021-08-18 00:00:00-04:00,29.59962,29.60829,29.05308,29.32201,20500,0.0,0.0
2021-08-19 00:00:00-04:00,29.03573,29.81649,28.31569,29.1485,45700,0.0,0.0
2021-08-20 00:00:00-04:00,28.95766,29.73842,28.68005,29.25261,24400,0.0,0.0
2021-08-23 00:00:00-04:00,29.29598,29.39141,28.85355,28.92295,14500,0.0,0.0
2021-08-24 00:00:00-04:00,28.9403,29.1485,28.47184,28.74945,21800,0.0,0.0
2021-08-25 00:00:00-04:00,28.61932,28.61932,28.33304,28.54125,21300,0.0,0.0
2021-08-26 00:00:00-04:00,28.35039,28.87958,28.24629,28.28967,23500,0.0,0.0
2021-08-27 00:00:00-04:00,28.53257,29.85987,28.53257,29.70372,22700,0.0,0.0
2021-08-30 00:00:00-04:00,29.64299,29.64299,28.94898,29.10513,19700,0.0,0.0
2021-08-31 00:00:00-04:00,29.08778,29.82517,29.08778,29.64299,14600,0.0,0.0
2021-09-01 00:00:00-04:00,29.52154,29.60829,29.18321,29.42611,10900,0.0,0.0
2021-09-02 00:00:00-04:00,29.30466,29.85987,29.30466,29.49551,10300,0.0,0.0
2021-09-03 00:00:00-04:00,29.49551,29.49551,28.7668,29.07043,16600,0.0,0.0
2021-09-07 00:00:00-04:00,28.7668,29.18321,28.40245,28.5586,28000,0.0,0.0
2021-09-08 00:00:00-04:00,28.25497,29.47817,28.25497,29.10513,26800,0.0,0.0
2021-09-09 00:00:00-04:00,28.9403,29.05308,28.58462,28.58462,18300,0.0,0.0
2021-09-10 00:00:00-04:00,28.53257,29.09645,28.28099,28.67137,20000,0.0,0.0
2021-09-13 00:00:00-04:00,28.71475,28.74945,28.36775,28.43715,12600,0.0,0.0
2021-09-14 00:00:00-04:00,28.72342,28.72342,27.97736,27.97736,18700,0.0,0.0
2021-09-15 00:00:00-04:00,28.40244,29.48684,28.15086,28.95765,41600,0.0,0.0
2021-09-16 00:00:00-04:00,28.81018,29.06176,28.53257,28.8015,17300,0.0,0.0
2021-09-17 00:00:00-04:00,28.69739,29.71238,28.28098,29.56491,81200,0.0,0.0
2021-09-20 00:00:00-04:00,28.71475,29.32201,28.22027,28.94031,30100,0.0,0.0
2021-09-21 00:00:00-04:00,29.0444,29.0444,28.72342,28.72342,9600,0.0,0.0
2021-09-22 00:00:00-04:00,29.00971,29.20923,28.7321,28.94031,10600,0.0,0.0
2021-09-23 00:00:00-04:00,29.01838,29.8512,28.94898,29.25261,14200,0.0,0.0
2021-09-24 00:00:00-04:00,29.54756,30.0247,29.47816,29.67769,11100,0.0,0.0
2021-09-27 00:00:00-04:00,29.79048,30.71005,29.79048,30.38039,10600,0.0,0.0
2021-09-28 00:00:00-04:00,30.51919,30.51919,29.61697,29.76445,19400,0.0,0.0
2021-09-29 00:00:00-04:00,29.76445,29.92927,29.58227,29.85987,8000,0.0,0.0
2021-09-30 00:00:00-04:00,29.79915,30.49316,29.79915,30.0247,10700,0.0,0.0
2021-10-01 00:00:00-04:00,30.21555,30.79678,29.98132,30.03337,17400,0.0,0.0
2021-10-04 00:00:00-04:00,30.28495,30.57123,30.04204,30.22422,7600,0.0,0.0
2021-10-05 00:00:00-04:00,30.62329,30.62329,29.98133,29.98133,5400,0.0,0.0
2021-10-06 00:00:00-04:00,29.79047,30.3023,29.79047,30.18952,11700,0.0,0.0
2021-10-07 00:00:00-04:00,30.2329,30.70136,30.15482,30.31965,9400,0.0,0.0
2021-10-08 00:00:00-04:00,30.18952,30.64931,30.18952,30.3717,3700,0.0,0.0
2021-10-11 00:00:00-04:00,29.76445,30.25894,29.63433,29.97266,15700,0.0,0.0
2021-10-12 00:00:00-04:00,29.69504,30.15482,29.69504,29.90325,44600,0.0,0.0
2021-10-13 00:00:00-04:00,30.01602,30.01602,29.63431,29.79914,6100,0.0,0.0
2021-10-14 00:00:00-04:00,29.85986,30.35435,29.79913,30.14614,11500,0.0,0.0
2021-10-15 00:00:00-04:00,30.50183,30.71871,29.47816,29.47816,14900,0.0,0.0
2021-10-18 00:00:00-04:00,29.38274,30.65799,29.38274,30.63196,18200,0.0,0.0
2021-10-19 00:00:00-04:00,30.39773,30.39773,29.57359,29.57359,14500,0.0,0.0
2021-10-20 00:00:00-04:00,29.57359,30.36302,29.57359,30.11144,11000,0.0,0.0
2021-10-21 00:00:00-04:00,29.74709,30.41507,29.74709,30.28494,5600,0.0,0.0
2021-10-22 00:00:00-04:00,30.00734,30.53652,30.00734,30.46712,8000,0.0,0.0
2021-10-25 00:00:00-04:00,30.27628,30.51919,29.97265,30.51919,6900,0.0,0.0
2021-10-26 00:00:00-04:00,29.99,30.21555,29.72107,29.9206,10600,0.0,0.0
2021-10-27 00:00:00-04:00,29.74709,29.74709,29.26996,29.26996,6500,0.0,0.0
2021-10-28 00:00:00-04:00,28.39377,29.97264,27.80386,29.77312,14100,0.0,0.0
2021-10-29 00:00:00-04:00,30.45846,30.52786,29.89458,29.89458,6500,0.0,0.0
2021-11-01 00:00:00-04:00,29.8859,30.57991,29.40876,30.34568,9600,0.0,0.0
2021-11-02 00:00:00-04:00,30.36303,30.36303,29.65166,29.96397,8100,0.0,0.0
2021-11-03 00:00:00-04:00,30.75341,31.12644,29.59094,31.12644,7800,0.0,0.0
2021-11-04 00:00:00-04:00,30.64931,30.91823,30.2329,30.5452,10500,0.0,0.0
2021-11-05 00:00:00-04:00,30.88354,31.88119,30.84885,31.88119,13800,0.0,0.0
2021-11-08 00:00:00-05:00,31.56021,31.56021,30.76209,30.78812,12500,0.0,0.0
2021-11-09 00:00:00-05:00,30.60516,30.83167,30.31767,30.31767,4100,0.15,0.0
2021-11-10 00:00:00-05:00,30.50062,30.88395,30.38736,30.53547,5200,0.0,0.0
2021-11-11 00:00:00-05:00,30.44835,31.26727,30.42221,30.84039,14300,0.0,0.0
2021-11-12 00:00:00-05:00,30.84039,31.23243,30.84039,31.04077,3200,0.0,0.0
2021-11-15 00:00:00-05:00,30.94493,31.03205,30.37865,31.03205,11400,0.0,0.0
2021-11-16 00:00:00-05:00,30.76198,30.76198,30.23055,30.35251,26400,0.0,0.0
2021-11-17 00:00:00-05:00,30.30896,30.66615,29.84722,30.09987,7700,0.0,0.0
2021-11-18 00:00:00-05:00,30.10857,31.31954,29.92562,31.31954,30300,0.0,0.0
2021-11-19 00:00:00-05:00,30.75327,30.77941,30.10858,30.10858,25200,0.0,0.0
2021-11-22 00:00:00-05:00,30.5616,30.66614,29.96918,30.17827,34700,0.0,0.0
2021-11-23 00:00:00-05:00,30.48319,30.97106,30.14342,30.54418,24500,0.0,0.0
2021-11-24 00:00:00-05:00,30.51804,31.3631,30.05631,30.15214,25100,0.0,0.0
2021-11-26 00:00:00-05:00,29.49874,30.64,28.8889,29.12412,9800,0.0,0.0
2021-11-29 00:00:00-05:00,29.42033,30.11729,28.61883,28.64497,12500,0.0,0.0
2021-11-30 00:00:00-05:00,28.523,30.16956,28.27906,28.27906,15900,0.0,0.0
2021-12-01 00:00:00-05:00,28.8889,29.69912,28.28778,28.28778,11300,0.0,0.0
2021-12-02 00:00:00-05:00,28.31391,29.23738,28.31391,28.70595,11100,0.0,0.0
2021-12-03 00:00:00-05:00,29.19382,29.19382,28.32263,29.01087,21800,0.0,0.0
2021-12-06 00:00:00-05:00,29.25481,29.46389,29.20253,29.24609,13600,0.0,0.0
2021-12-07 00:00:00-05:00,29.5423,29.82108,28.94117,29.24609,8700,0.0,0.0
2021-12-08 00:00:00-05:00,29.55101,29.55101,28.80178,29.16768,8200,0.0,0.0
2021-12-09 00:00:00-05:00,29.01087,29.35935,28.89762,29.30708,14600,0.0,0.0
2021-12-10 00:00:00-05:00,29.3245,30.02146,28.96731,29.07185,11200,0.0,0.0
2021-12-13 00:00:00-05:00,29.33321,29.58586,28.89761,28.89761,31800,0.0,0.0
2021-12-14 00:00:00-05:00,29.08928,29.42033,28.02642,28.17452,25800,0.0,0.0
2021-12-15 00:00:00-05:00,28.51429,29.69912,28.21808,29.40291,28200,0.0,0.0
2021-12-16 00:00:00-05:00,29.82109,29.92563,29.18511,29.18511,11300,0.0,0.0
2021-12-17 00:00:00-05:00,29.36806,29.74267,28.11354,28.33134,51500,0.0,0.0
2021-12-20 00:00:00-05:00,28.0874,28.38361,27.76505,28.18323,13500,0.0,0.0
2021-12-21 00:00:00-05:00,28.18323,28.97602,28.13096,28.40974,19500,0.0,0.0
2021-12-22 00:00:00-05:00,28.56656,29.2548,27.90445,28.35747,16800,0.0,0.0
2021-12-23 00:00:00-05:00,28.41845,29.00216,28.29649,28.91504,14400,0.0,0.0
2021-12-27 00:00:00-05:00,28.86276,29.4029,28.05255,29.28094,11100,0.0,0.0
2021-12-28 00:00:00-05:00,29.40291,29.8298,29.18511,29.37677,11900,0.0,0.0
2021-12-29 00:00:00-05:00,28.97602,29.78623,28.97602,29.78623,13100,0.0,0.0
2021-12-30 00:00:00-05:00,29.62942,29.80366,29.60328,29.60328,9200,0.0,0.0
2021-12-31 00:00:00-05:00,29.43776,29.68169,28.96731,29.29837,13400,0.0,0.0
2022-01-03 00:00:00-05:00,30.03017,30.03017,29.1067,29.30708,8900,0.0,0.0
2022-01-04 00:00:00-05:00,30.01274,30.01274,29.21995,29.85593,10300,0.0,0.0
2022-01-05 00:00:00-05:00,29.69041,30.23055,29.40291,29.95177,12500,0.0,0.0
2022-01-06 00:00:00-05:00,29.79494,30.36122,29.79494,30.07372,8400,0.0,0.0
2022-01-07 00:00:00-05:00,30.22183,30.75326,29.92562,30.73584,8500,0.0,0.0
2022-01-10 00:00:00-05:00,30.36122,30.47448,29.8385,30.47448,7100,0.0,0.0
2022-01-11 00:00:00-05:00,30.1957,30.1957,30.15214,30.15214,3300,0.0,0.0
2022-01-12 00:00:00-05:00,30.27411,30.27411,29.36806,29.41162,13100,0.0,0.0
2022-01-13 00:00:00-05:00,29.59457,30.39607,29.07185,29.55972,17000,0.0,0.0
2022-01-14 00:00:00-05:00,29.2548,29.6904,29.01958,29.54229,14200,0.0,0.0
2022-01-18 00:00:00-05:00,29.30707,29.52487,29.02829,29.42904,10500,0.0,0.0
2022-01-19 00:00:00-05:00,29.49002,29.49002,28.97602,29.36806,8400,0.0,0.0
2022-01-20 00:00:00-05:00,29.22867,29.53359,28.94989,28.94989,14100,0.0,0.0
2022-01-21 00:00:00-05:00,28.63625,29.28094,27.95672,28.10482,21000,0.0,0.0
2022-01-24 00:00:00-05:00,28.33133,29.7601,28.31391,29.7601,20400,0.0,0.0
2022-01-25 00:00:00-05:00,29.72525,29.72525,28.83663,29.08928,7800,0.0,0.0
2022-01-26 00:00:00-05:00,29.45518,29.58586,28.55785,28.60141,9300,0.0,0.0
2022-01-27 00:00:00-05:00,28.8889,29.54229,28.54913,29.21124,9000,0.0,0.0
2022-01-28 00:00:00-05:00,29.27222,29.42904,28.93246,29.28965,5600,0.0,0.0
2022-01-31 00:00:00-05:00,29.01958,29.25481,28.85405,28.94117,29200,0.0,0.0
2022-02-01 00:00:00-05:00,29.18511,29.34193,28.74951,28.91504,11500,0.0,0.0
2022-02-02 00:00:00-05:00,28.76693,29.3245,28.71466,28.93246,11200,0.0,0.0
2022-02-03 00:00:00-05:00,28.66239,29.29836,28.62754,29.03701,8400,0.0,0.0
2022-02-04 00:00:00-05:00,29.01958,29.56843,28.83663,28.88019,7000,0.0,0.0
2022-02-07 00:00:00-05:00,29.11541,29.18511,28.74951,28.74951,11700,0.0,0.0
2022-02-08 00:00:00-05:00,28.76693,29.00215,28.76693,28.78436,12600,0.0,0.0
2022-02-09 00:00:00-05:00,28.81942,29.02101,28.61782,28.76683,10800,0.2,0.0
2022-02-10 00:00:00-05:00,28.64411,28.92459,28.64411,28.78435,13600,0.0,0.0
2022-02-11 00:00:00-05:00,28.88954,28.88954,28.49511,28.49511,5200,0.0,0.0
2022-02-14 00:00:00-05:00,28.91583,28.91583,28.65288,28.73176,6800,0.0,0.0
2022-02-15 00:00:00-05:00,28.83694,29.36285,28.83694,29.2752,7700,0.0,0.0
2022-02-16 00:00:00-05:00,29.36285,29.36285,28.82819,29.36285,7500,0.0,0.0
2022-02-17 00:00:00-05:00,28.84571,29.14372,28.64412,28.67918,6700,0.0,0.0
2022-02-18 00:00:00-05:00,28.62658,28.65288,28.31104,28.32857,8900,0.0,0.0
2022-02-22 00:00:00-05:00,28.47758,28.69671,28.32857,28.35487,22400,0.0,0.0
2022-02-23 00:00:00-05:00,28.56523,28.56523,28.20586,28.32857,6000,0.0,0.0
2022-02-24 00:00:00-05:00,28.12698,28.64412,27.87279,27.89909,43500,0.0,0.0
2022-02-25 00:00:00-05:00,28.24969,28.60905,28.24092,28.55647,6100,0.0,0.0
2022-02-28 00:00:00-05:00,28.48635,28.68794,27.9955,28.06562,12700,0.0,0.0
2022-03-01 00:00:00-05:00,28.32857,28.32857,27.25924,27.31183,18400,0.0,0.0
2022-03-02 00:00:00-05:00,27.39072,28.10069,27.39072,28.03933,9600,0.0,0.0
2022-03-03 00:00:00-05:00,27.91662,28.16204,27.50466,27.87279,11300,0.0,0.0
2022-03-04 00:00:00-05:00,27.70626,28.17957,26.90864,27.11901,51000,0.0,0.0
2022-03-07 00:00:00-05:00,27.09271,27.10147,26.78593,26.78593,21700,0.0,0.0
2022-03-08 00:00:00-05:00,26.86482,27.25048,26.57557,26.91741,61100,0.0,0.0
2022-03-09 00:00:00-05:00,27.18036,27.87279,27.18036,27.56602,11200,0.0,0.0
2022-03-10 00:00:00-05:00,27.00506,27.59231,26.97876,27.3469,11300,0.0,0.0
2022-03-11 00:00:00-05:00,27.45207,27.74132,27.09271,27.2943,11900,0.0,0.0
2022-03-14 00:00:00-04:00,27.52219,27.8728,27.18912,27.76762,13300,0.0,0.0
2022-03-15 00:00:00-04:00,27.94291,27.98674,27.00506,27.18036,12800,0.0,0.0
2022-03-16 00:00:00-04:00,27.39072,27.83773,27.18036,27.53096,32200,0.0,0.0
2022-03-17 00:00:00-04:00,27.25924,28.03056,27.25924,27.39948,20600,0.0,0.0
2022-03-18 00:00:00-04:00,27.25924,27.25924,26.69828,26.89987,38300,0.0,0.0
2022-03-21 00:00:00-04:00,26.89988,27.17159,26.7684,26.86481,15700,0.0,0.0
2022-03-22 00:00:00-04:00,26.96123,27.43454,26.96123,27.37319,14900,0.0,0.0
2022-03-23 00:00:00-04:00,27.13653,27.22418,26.96123,27.02259,11400,0.0,0.0
2022-03-24 00:00:00-04:00,27.17159,27.17159,26.65445,26.95247,14800,0.0,0.0
2022-03-25 00:00:00-04:00,26.84729,27.75009,26.77717,27.5222,19100,0.0,0.0
2022-03-28 00:00:00-04:00,27.2943,27.63614,27.13653,27.63614,16100,0.0,0.0
2022-03-29 00:00:00-04:00,27.65367,28.1971,27.65367,28.09192,15700,0.0,0.0
2022-03-30 00:00:00-04:00,28.03056,28.08316,27.45207,27.45207,19600,0.0,0.0
2022-03-31 00:00:00-04:00,27.51343,27.51343,27.11024,27.17159,43500,0.0,0.0
2022-04-01 00:00:00-04:00,27.17159,27.17159,26.99629,27.10147,13500,0.0,0.0
2022-04-04 00:00:00-04:00,26.87358,26.87358,26.18115,26.39151,28300,0.0,0.0
2022-04-05 00:00:00-04:00,26.58433,26.84728,26.32138,26.61939,19200,0.0,0.0
2022-04-06 00:00:00-04:00,26.40027,26.66322,26.35644,26.35644,16000,0.0,0.0
2022-04-07 00:00:00-04:00,26.30385,26.92617,26.30385,26.82099,23800,0.0,0.0
2022-04-08 00:00:00-04:00,26.74211,27.19789,26.74211,27.04012,17400,0.0,0.0
2022-04-11 00:00:00-04:00,27.14529,27.3206,26.85605,26.85605,11200,0.0,0.0
2022-04-12 00:00:00-04:00,26.97876,27.12777,26.73334,26.89111,17100,0.0,0.0
2022-04-13 00:00:00-04:00,27.04012,27.25048,26.86482,27.11024,10500,0.0,0.0
2022-04-14 00:00:00-04:00,27.16283,27.16283,26.68951,26.7684,18700,0.0,0.0
2022-04-18 00:00:00-04:00,26.92617,26.92617,26.37397,26.47039,20500,0.0,0.0
2022-04-19 00:00:00-04:00,26.47039,26.95246,26.47039,26.81222,19700,0.0,0.0
2022-04-20 00:00:00-04:00,27.05765,27.43454,26.89988,27.24171,26200,0.0,0.0
2022-04-21 00:00:00-04:00,27.30306,27.57478,26.67198,26.81222,28700,0.0,0.0
2022-04-22 00:00:00-04:00,26.85605,26.85605,26.5931,26.71581,22300,0.0,0.0
2022-04-25 00:00:00-04:00,26.84729,26.84729,26.07596,26.18991,52500,0.0,0.0
2022-04-26 00:00:00-04:00,25.94449,26.44409,25.8656,25.8656,37100,0.0,0.0
2022-04-27 00:00:00-04:00,26.03214,26.57557,25.88313,26.04967,35600,0.0,0.0
2022-04-28 00:00:00-04:00,26.19867,26.92617,26.12855,26.4441,26500,0.0,0.0
2022-04-29 00:00:00-04:00,26.2425,26.2425,25.72536,25.76042,51400,0.0,0.0
2022-05-02 00:00:00-04:00,25.94448,26.42656,25.6903,25.74289,69400,0.0,0.0
2022-05-03 00:00:00-04:00,25.83931,26.0672,25.63771,25.63771,38800,0.0,0.0
2022-05-04 00:00:00-04:00,25.78672,26.2162,25.62895,26.05843,29400,0.0,0.0
2022-05-05 00:00:00-04:00,25.94449,25.94449,25.25205,25.40982,44900,0.0,0.0
2022-05-06 00:00:00-04:00,25.75166,26.14608,25.25205,25.72536,150600,0.0,0.0
2022-05-09 00:00:00-04:00,25.46241,26.22497,25.25205,25.95325,51100,0.0,0.0
2022-05-10 00:00:00-04:00,25.98831,26.40904,25.55883,25.69907,39200,0.0,0.0
2022-05-11 00:00:00-04:00,25.70792,26.13299,25.68135,25.76991,34800,0.3,0.0
2022-05-12 00:00:00-04:00,25.60166,25.78762,25.45997,25.66364,34100,0.0,0.0
2022-05-13 00:00:00-04:00,25.74334,25.8319,25.49539,25.53081,28400,0.0,0.0
2022-05-16 00:00:00-04:00,25.61051,25.63708,25.26514,25.33599,22600,0.0,0.0
2022-05-17 00:00:00-04:00,25.60166,25.88504,25.60166,25.79648,28700,0.0,0.0
2022-05-18 00:00:00-04:00,25.58394,25.69021,25.34484,25.45111,23200,0.0,0.0
2022-05-19 00:00:00-04:00,25.45996,25.45996,25.22086,25.23857,31700,0.0,0.0
2022-05-20 00:00:00-04:00,25.42454,25.42454,24.87549,25.08803,28400,0.0,0.0
2022-05-23 00:00:00-04:00,25.25629,25.95588,25.25629,25.79648,20900,0.0,0.0
2022-05-24 00:00:00-04:00,25.74334,26.46951,25.56623,26.44294,33900,0.0,0.0
2022-05-25 00:00:00-04:00,26.4518,26.57577,26.02672,26.42523,39600,0.0,0.0
2022-05-26 00:00:00-04:00,26.48722,27.22224,26.48722,26.80602,35400,0.0,0.0
2022-05-27 00:00:00-04:00,26.98314,27.06284,26.74403,26.88573,20500,0.0,0.0
2022-05-31 00:00:00-04:00,26.87687,26.92114,26.69975,26.78831,27100,0.0,0.0
2022-06-01 00:00:00-04:00,26.72632,26.81488,26.03558,26.60234,84900,0.0,0.0
2022-06-02 00:00:00-04:00,26.56692,26.79717,26.52264,26.7706,27800,0.0,0.0
2022-06-03 00:00:00-04:00,26.71747,26.71747,26.48722,26.64662,33800,0.0,0.0
2022-06-06 00:00:00-04:00,26.68204,26.68204,26.28354,26.41637,88300,0.0,0.0
2022-06-07 00:00:00-04:00,26.26583,26.97428,26.26583,26.8503,68400,0.0,0.0
2022-06-08 00:00:00-04:00,26.38095,26.56692,26.12413,26.36324,41400,0.0,0.0
2022-06-09 00:00:00-04:00,26.11528,26.87687,26.09757,26.58463,47800,0.0,0.0
2022-06-10 00:00:00-04:00,26.28354,26.28354,26.03558,26.14185,34000,0.0,0.0
2022-06-13 00:00:00-04:00,25.81419,26.10643,25.69907,25.92931,50800,0.0,0.0
2022-06-14 00:00:00-04:00,25.84961,26.17727,25.50424,25.7522,47700,0.0,0.0
2022-06-15 00:00:00-04:00,25.65479,25.93817,25.62822,25.71678,51700,0.0,0.0
2022-06-16 00:00:00-04:00,25.47768,25.92046,25.07917,25.24743,61600,0.0,0.0
2022-06-17 00:00:00-04:00,25.22086,25.4334,25.08803,25.10574,69200,0.0,0.0
2022-06-21 00:00:00-04:00,25.37141,25.66364,25.22086,25.48653,58300,0.0,0.0
2022-06-22 00:00:00-04:00,25.40683,25.86732,25.30942,25.38912,53300,0.0,0.0
2022-06-23 00:00:00-04:00,25.38912,25.89389,25.23857,25.45111,59200,0.0,0.0
2022-06-24 00:00:00-04:00,25.5308,25.98244,25.04374,25.15001,1103300,0.0,0.0
2022-06-27 00:00:00-04:00,25.24743,25.92931,25.14116,25.71678,163300,0.0,0.0
2022-06-28 00:00:00-04:00,25.68135,26.43408,25.66364,25.74334,47400,0.0,0.0
2022-06-29 00:00:00-04:00,25.77876,26.02672,25.40683,25.40683,47300,0.0,0.0
2022-06-30 00:00:00-04:00,25.21201,25.77877,25.21201,25.42454,37600,0.0,0.0
2022-07-01 00:00:00-04:00,25.45996,25.82304,25.15887,25.71678,60300,0.0,0.0
2022-07-05 00:00:00-04:00,25.65479,25.94703,25.1943,25.68136,37100,0.0,0.0
2022-07-06 00:00:00-04:00,25.63708,25.77877,25.23857,25.46882,20500,0.0,0.0
2022-07-07 00:00:00-04:00,25.29171,25.8319,25.15002,25.21201,25900,0.0,0.0
2022-07-08 00:00:00-04:00,25.14116,25.25629,25.01718,25.06146,28000,0.0,0.0
2022-07-11 00:00:00-04:00,25.02604,25.15002,24.84893,24.93748,48200,0.0,0.0
2022-07-12 00:00:00-04:00,24.79579,25.07032,24.79579,24.83122,9700,0.0,0.0
2022-07-13 00:00:00-04:00,24.79579,24.79579,24.42386,24.60983,14300,0.0,0.0
2022-07-14 00:00:00-04:00,24.34415,24.4947,23.96336,24.36186,30200,0.0,0.0
2022-07-15 00:00:00-04:00,24.45928,25.06146,24.3353,24.5744,21800,0.0,0.0
2022-07-18 00:00:00-04:00,24.64525,25.18544,24.64525,25.04375,20300,0.0,0.0
2022-07-19 00:00:00-04:00,25.0526,25.53966,24.83121,25.03489,23700,0.0,0.0
2022-07-20 00:00:00-04:00,24.99947,25.10574,24.80465,25.08803,28200,0.0,0.0
2022-07-21 00:00:00-04:00,24.88435,25.27399,24.76922,24.94633,22200,0.0,0.0
2022-07-22 00:00:00-04:00,24.91091,25.22972,24.79579,25.01718,22100,0.0,0.0
2022-07-25 00:00:00-04:00,24.99061,25.08803,24.74266,25.01718,23200,0.0,0.0
2022-07-26 00:00:00-04:00,25.07917,25.15002,24.72495,24.87549,15200,0.0,0.0
2022-07-27 00:00:00-04:00,24.83121,25.212,24.80465,25.17658,21000,0.0,0.0
2022-07-28 00:00:00-04:00,25.45996,26.43409,25.45996,26.16842,53100,0.0,0.0
2022-07-29 00:00:00-04:00,26.21269,26.66433,26.16841,26.6112,20900,0.0,0.0
2022-08-01 00:00:00-04:00,26.38095,27.19567,26.38095,26.89458,29900,0.0,0.0
2022-08-02 00:00:00-04:00,27.05398,27.05398,26.51379,26.60234,13700,0.0,0.0
2022-08-03 00:00:00-04:00,26.65548,26.83259,26.56692,26.70861,25300,0.0,0.0
2022-08-04 00:00:00-04:00,26.44294,26.73518,26.30125,26.51379,21000,0.0,0.0
2022-08-05 00:00:00-04:00,26.54921,26.7706,26.40752,26.56692,15100,0.0,0.0
2022-08-08 00:00:00-04:00,26.68204,27.57646,26.41638,27.19567,35500,0.0,0.0
2022-08-09 00:00:00-04:00,27.09826,27.1691,26.53149,26.93,17100,0.0,0.0
2022-08-10 00:00:00-04:00,27.1172,27.77686,26.27926,26.94783,20400,0.2,0.0
2022-08-11 00:00:00-04:00,27.23309,27.48269,27.19743,27.48269,10700,0.0,0.0
2022-08-12 00:00:00-04:00,27.54508,27.8036,27.15285,27.53617,23100,0.0,0.0
2022-08-15 00:00:00-04:00,27.19743,27.6164,27.15286,27.58074,17300,0.0,0.0
2022-08-16 00:00:00-04:00,27.59857,28.07994,27.59857,27.96405,15900,0.0,0.0
2022-08-17 00:00:00-04:00,27.81251,28.10668,27.81251,27.95514,8600,0.0,0.0
2022-08-18 00:00:00-04:00,27.94622,28.09777,27.68771,28.01754,8900,0.0,0.0
2022-08-19 00:00:00-04:00,27.93731,27.94623,27.6788,27.72337,13300,0.0,0.0
2022-08-22 00:00:00-04:00,27.63423,28.54348,26.93,28.09777,69100,0.0,0.0
2022-08-23 00:00:00-04:00,27.90165,28.24931,27.32223,27.40245,23800,0.0,0.0
2022-08-24 00:00:00-04:00,27.26874,27.3668,27.01914,27.01914,8400,0.0,0.0
2022-08-25 00:00:00-04:00,27.21526,27.62531,27.21526,27.27766,13300,0.0,0.0
2022-08-26 00:00:00-04:00,28.21365,28.21365,26.83194,27.08154,8200,0.0,0.0
2022-08-29 00:00:00-04:00,26.7428,26.87651,26.69823,26.71605,65000,0.0,0.0
2022-08-30 00:00:00-04:00,26.58234,26.71605,26.21685,26.71605,22600,0.0,0.0
2022-08-31 00:00:00-04:00,26.62692,26.7428,26.48429,26.48429,10000,0.0,0.0
2022-09-01 00:00:00-04:00,26.38623,26.56451,26.27034,26.38623,9300,0.0,0.0
2022-09-02 00:00:00-04:00,26.40406,26.60017,25.95835,26.15446,8800,0.0,0.0
2022-09-06 00:00:00-04:00,26.306,26.306,25.8692,26.02966,9100,0.0,0.0
2022-09-07 00:00:00-04:00,26.10989,26.19903,25.69092,25.86029,16100,0.0,0.0
2022-09-08 00:00:00-04:00,25.78006,26.12771,25.78006,26.12771,7300,0.0,0.0
2022-09-09 00:00:00-04:00,26.08315,26.37732,26.04749,26.23469,5900,0.0,0.0
2022-09-12 00:00:00-04:00,26.16338,26.34166,25.90486,25.98509,13600,0.0,0.0
2022-09-13 00:00:00-04:00,25.89595,26.6804,25.50372,25.98509,12400,0.0,0.0
2022-09-14 00:00:00-04:00,25.89594,26.1188,25.53937,25.78006,25100,0.0,0.0
2022-09-15 00:00:00-04:00,25.82463,26.17229,25.53937,25.75331,13900,0.0,0.0
2022-09-16 00:00:00-04:00,25.57503,25.78006,25.42349,25.66417,16500,0.0,0.0
2022-09-19 00:00:00-04:00,25.41457,26.0564,25.41457,25.42349,12800,0.0,0.0
2022-09-20 00:00:00-04:00,25.52155,25.57503,25.28978,25.4948,9800,0.0,0.0
2022-09-21 00:00:00-04:00,25.63743,25.73549,25.19172,25.4948,9600,0.0,0.0
2022-09-22 00:00:00-04:00,25.65526,26.06532,25.058,25.28978,16100,0.0,0.0
2022-09-23 00:00:00-04:00,25.1828,25.37891,24.95994,25.09366,11500,0.0,0.0
2022-09-26 00:00:00-04:00,24.95995,25.27195,24.51423,24.51423,22000,0.0,0.0
2022-09-27 00:00:00-04:00,24.73709,24.73709,24.34486,24.34486,6900,0.0,0.0
2022-09-28 00:00:00-04:00,24.33595,24.68361,24.21115,24.21115,4700,0.0,0.0
2022-09-29 00:00:00-04:00,24.13092,24.67469,24.122,24.22897,9400,0.0,0.0
2022-09-30 00:00:00-04:00,24.14875,24.47857,24.11309,24.30029,11600,0.0,0.0
2022-10-03 00:00:00-04:00,24.39835,24.88864,24.26464,24.47858,8100,0.0,0.0
2022-10-04 00:00:00-04:00,24.56772,24.76383,24.51423,24.57663,7800,0.0,0.0
2022-10-05 00:00:00-04:00,24.57663,25.03126,24.45183,24.64795,8100,0.0,0.0
2022-10-06 00:00:00-04:00,24.50532,24.81732,24.29138,24.33595,8500,0.0,0.0
2022-10-07 00:00:00-04:00,24.16658,24.42509,24.08635,24.24681,7300,0.0,0.0
2022-10-10 00:00:00-04:00,24.21115,24.33595,24.06852,24.23789,6600,0.0,0.0
2022-10-11 00:00:00-04:00,24.17549,24.36269,23.89023,24.12201,10800,0.0,0.0
2022-10-12 00:00:00-04:00,24.14875,24.41618,24.00612,24.07743,7500,0.0,0.0
2022-10-13 00:00:00-04:00,24.15766,25.058,24.15766,24.97778,5200,0.0,0.0
2022-10-14 00:00:00-04:00,24.96886,25.27194,24.52314,25.07583,6700,0.0,0.0
2022-10-17 00:00:00-04:00,25.21846,25.21846,24.95995,25.15606,5100,0.0,0.0
2022-10-18 00:00:00-04:00,25.36109,25.76223,24.56772,25.09366,21900,0.0,0.0
2022-10-19 00:00:00-04:00,25.01343,25.01343,24.62121,24.62121,8500,0.0,0.0
2022-10-20 00:00:00-04:00,24.70144,25.27195,24.59446,24.85298,5000,0.0,0.0
2022-10-21 00:00:00-04:00,24.64795,25.02235,24.53206,24.72818,8700,0.0,0.0
2022-10-24 00:00:00-04:00,24.75492,24.79058,24.54989,24.60338,2600,0.0,0.0
2022-10-25 00:00:00-04:00,24.5588,24.62121,24.16658,24.28246,12100,0.0,0.0
2022-10-26 00:00:00-04:00,24.20223,24.71926,24.15766,24.53206,9400,0.0,0.0
2022-10-27 00:00:00-04:00,24.70143,25.39675,24.62121,25.10258,34400,0.0,0.0
2022-10-28 00:00:00-04:00,25.46806,25.50372,25.04909,25.12932,13300,0.0,0.0
2022-10-31 00:00:00-04:00,25.12932,26.4308,25.12932,25.84246,22700,0.0,0.0
2022-11-01 00:00:00-04:00,26.02966,27.34897,25.45915,25.994,7500,0.0,0.0
2022-11-02 00:00:00-04:00,26.59126,27.00132,26.18121,26.52886,8100,0.0,0.0
2022-11-03 00:00:00-04:00,26.43972,27.41138,26.38624,26.74281,12000,0.0,0.0
2022-11-04 00:00:00-04:00,27.34897,27.34897,26.7428,26.81412,4100,0.0,0.0
2022-11-07 00:00:00-05:00,27.18851,27.34897,26.96566,26.96566,6500,0.0,0.0
2022-11-08 00:00:00-05:00,27.23487,28.03352,27.23487,27.86302,149600,0.2,0.0
2022-11-09 00:00:00-05:00,27.97967,28.80524,27.97967,28.62577,15100,0.0,0.0
2022-11-10 00:00:00-05:00,28.7155,29.59492,28.7155,29.15521,12900,0.0,0.0
2022-11-11 00:00:00-05:00,29.29879,29.98079,29.29879,29.58595,10300,0.0,0.0
2022-11-14 00:00:00-05:00,29.71158,30.12436,29.7026,29.96284,11900,0.0,0.0
2022-11-15 00:00:00-05:00,29.96284,30.08847,29.58595,29.72055,27500,0.0,0.0
2022-11-16 00:00:00-05:00,29.61287,29.89105,29.14624,29.70261,10000,0.0,0.0
2022-11-17 00:00:00-05:00,29.58595,29.75644,29.13727,29.6039,36400,0.0,0.0
2022-11-18 00:00:00-05:00,30.02566,30.02566,29.53211,29.70261,5700,0.0,0.0
2022-11-21 00:00:00-05:00,29.7744,30.00771,29.02959,29.70261,11600,0.0,0.0
2022-11-22 00:00:00-05:00,29.86413,30.0436,29.61287,30.0436,11200,0.0,0.0
2022-11-23 00:00:00-05:00,30.0436,30.51023,30.0436,30.51023,6800,0.0,0.0
2022-11-25 00:00:00-05:00,30.87815,30.89609,30.37562,30.7256,5300,0.0,0.0
2022-11-28 00:00:00-05:00,30.8243,30.92301,30.27691,30.68072,16600,0.0,0.0
2022-11-29 00:00:00-05:00,30.51022,30.77046,30.35768,30.75251,20800,0.0,0.0
2022-11-30 00:00:00-05:00,30.8243,30.8243,30.33076,30.6897,19700,0.0,0.0
2022-12-01 00:00:00-05:00,30.54612,30.8602,30.51023,30.66278,12300,0.0,0.0
2022-12-02 00:00:00-05:00,30.57304,30.95891,30.42049,30.88712,12000,0.0,0.0
2022-12-05 00:00:00-05:00,30.94994,30.94994,30.15129,30.48331,19400,0.0,0.0
2022-12-06 00:00:00-05:00,30.51022,30.62688,29.69363,30.42946,8600,0.0,0.0
2022-12-07 00:00:00-05:00,30.52817,30.63585,30.29486,30.42946,10500,0.0,0.0
2022-12-08 00:00:00-05:00,30.59996,30.77943,30.28589,30.46536,10800,0.0,0.0
2022-12-09 00:00:00-05:00,30.53715,30.61791,30.0436,30.57304,20500,0.0,0.0
2022-12-12 00:00:00-05:00,30.47434,30.73457,30.45639,30.53715,7800,0.0,0.0
2022-12-13 00:00:00-05:00,30.73457,30.95891,30.20513,30.73457,14600,0.0,0.0
2022-12-14 00:00:00-05:00,30.73457,30.73457,30.18718,30.45639,11200,0.0,0.0
2022-12-15 00:00:00-05:00,30.42049,30.55509,29.7026,30.07052,21100,0.0,0.0
2022-12-16 00:00:00-05:00,29.97181,30.15128,29.46929,29.46929,27300,0.0,0.0
2022-12-19 00:00:00-05:00,29.71158,29.94489,29.25392,29.74747,52000,0.0,0.0
2022-12-20 00:00:00-05:00,29.8731,30.06155,29.76542,29.83721,54700,0.0,0.0
2022-12-21 00:00:00-05:00,30.06155,30.41152,29.74747,29.96284,19000,0.0,0.0
2022-12-22 00:00:00-05:00,29.97181,30.01668,29.45134,29.61287,9400,0.0,0.0
2022-12-23 00:00:00-05:00,29.72953,29.72953,29.64877,29.66671,12200,0.0,0.0
2022-12-27 00:00:00-05:00,29.88207,30.42049,29.67568,29.74747,7800,0.0,0.0
2022-12-28 00:00:00-05:00,29.89105,29.96284,29.37956,29.50519,17800,0.0,0.0
2022-12-29 00:00:00-05:00,29.7026,30.06155,29.69363,29.84618,4100,0.0,0.0
2022-12-30 00:00:00-05:00,29.91798,30.10642,29.7744,30.00771,5500,0.0,0.0
2023-01-03 00:00:00-05:00,30.14231,30.58202,29.53211,29.63082,12800,0.0,0.0
2023-01-04 00:00:00-05:00,29.82824,29.89105,29.23598,29.568,14800,0.0,0.0
2023-01-05 00:00:00-05:00,29.45135,29.68466,29.45135,29.48724,6700,0.0,0.0
2023-01-06 00:00:00-05:00,30.23205,30.24102,29.44237,29.70261,14800,0.0,0.0
2023-01-09 00:00:00-05:00,29.61287,29.82824,29.21803,29.66671,10700,0.0,0.0
2023-01-10 00:00:00-05:00,29.85516,30.33973,29.85516,29.92694,13700,0.0,0.0
2023-01-11 00:00:00-05:00,30.07052,30.10641,29.92694,30.08846,10400,0.0,0.0
2023-01-12 00:00:00-05:00,29.97181,30.47433,29.96284,30.24102,8100,0.0,0.0
2023-01-13 00:00:00-05:00,30.18717,30.60893,30.1782,30.38459,55000,0.0,0.0
2023-01-17 00:00:00-05:00,30.34871,30.42947,29.88208,30.16026,8300,0.0,0.0
2023-01-18 00:00:00-05:00,29.98079,30.3487,29.76542,29.88208,8600,0.0,0.0
2023-01-19 00:00:00-05:00,30.06155,30.06155,29.66671,30.01668,57800,0.0,0.0
2023-01-20 00:00:00-05:00,30.20513,30.59997,30.20513,30.43844,65600,0.0,0.0
2023-01-23 00:00:00-05:00,30.43844,30.73457,30.43844,30.61791,13500,0.0,0.0
2023-01-24 00:00:00-05:00,30.5192,30.59996,30.3128,30.42049,9000,0.0,0.0
2023-01-25 00:00:00-05:00,30.31281,30.46536,30.12436,30.28589,146700,0.0,0.0
2023-01-26 00:00:00-05:00,30.29486,30.63586,30.20512,30.24102,26100,0.0,0.0
2023-01-27 00:00:00-05:00,30.42049,30.63586,30.26794,30.37562,26900,0.0,0.0
2023-01-30 00:00:00-05:00,30.52818,31.56014,30.35768,31.48835,42300,0.0,0.0
2023-01-31 00:00:00-05:00,31.48834,32.52928,31.34477,32.26007,21600,0.0,0.0
2023-02-01 00:00:00-05:00,32.46647,32.55621,31.62296,32.20624,54400,0.0,0.0
2023-02-02 00:00:00-05:00,32.11651,32.70877,32.07164,32.53827,20000,0.0,0.0
2023-02-03 00:00:00-05:00,32.67286,33.43562,32.67286,33.34588,17700,0.0,0.0
2023-02-06 00:00:00-05:00,33.37281,33.55228,32.54724,33.04976,25700,0.0,0.0
2023-02-07 00:00:00-05:00,32.96002,33.4446,32.91515,33.21128,34400,0.0,0.0
2023-02-08 00:00:00-05:00,33.12093,33.33776,32.97638,33.1661,9700,0.25,0.0
2023-02-09 00:00:00-05:00,33.27452,33.29259,33.01252,33.03059,8100,0.0,0.0
2023-02-10 00:00:00-05:00,32.88603,33.26548,32.39816,32.99445,17400,0.0,0.0
2023-02-13 00:00:00-05:00,32.9041,33.41908,32.9041,33.31066,13300,0.0,0.0
2023-02-14 00:00:00-05:00,33.09384,33.46425,33.09384,33.28356,11600,0.0,0.0
2023-02-15 00:00:00-05:00,33.28356,33.49136,33.19322,33.19322,5600,0.0,0.0
2023-02-16 00:00:00-05:00,33.21129,33.42812,33.07577,33.34681,9600,0.0,0.0
2023-02-17 00:00:00-05:00,33.41908,33.43714,33.07576,33.14804,35400,0.0,0.0
2023-02-21 00:00:00-05:00,33.01252,33.10286,32.54272,32.89507,13100,0.0,0.0
2023-02-22 00:00:00-05:00,32.89507,32.92217,32.34395,32.38913,13700,0.0,0.0
2023-02-23 00:00:00-05:00,32.35299,33.13901,32.02775,32.79569,16100,0.0,0.0
2023-02-24 00:00:00-05:00,32.52465,32.85893,32.30782,32.45237,8900,0.0,0.0
2023-02-27 00:00:00-05:00,32.73245,32.88604,32.19941,32.34396,84400,0.0,0.0
2023-02-28 00:00:00-05:00,32.39816,32.52465,32.04581,32.46141,15200,0.0,0.0
2023-03-01 00:00:00-05:00,32.31685,32.52464,32.11808,32.19939,14900,0.0,0.0
2023-03-02 00:00:00-05:00,32.10002,32.30782,31.6754,31.9374,9600,0.0,0.0
2023-03-03 00:00:00-05:00,31.79284,31.97354,31.57602,31.84705,12500,0.0,0.0
2023-03-06 00:00:00-05:00,31.7025,31.97354,31.39532,31.56698,58200,0.0,0.0
2023-03-07 00:00:00-05:00,31.53084,31.71153,30.89841,31.35015,18500,0.0,0.0
2023-03-08 00:00:00-05:00,31.16946,31.18753,30.5551,30.71773,22600,0.0,0.0
2023-03-09 00:00:00-05:00,30.7629,30.7629,29.91364,30.04013,43800,0.0,0.0
2023-03-10 00:00:00-05:00,30.04013,30.10337,29.20894,29.5884,38400,0.0,0.0
2023-03-13 00:00:00-04:00,29.1999,29.63357,26.31786,26.57083,58000,0.0,0.0
2023-03-14 00:00:00-04:00,27.32071,28.28741,26.87801,27.0316,29700,0.0,0.0
2023-03-15 00:00:00-04:00,26.74249,27.23036,26.12814,26.88705,21500,0.0,0.0
2023-03-16 00:00:00-04:00,26.66118,28.07962,26.65215,27.45623,67800,0.0,0.0
2023-03-17 00:00:00-04:00,27.35685,27.61885,26.60697,26.88705,36200,0.0,0.0
2023-03-20 00:00:00-04:00,26.93222,28.45907,26.72442,26.75152,28400,0.0,0.0
2023-03-21 00:00:00-04:00,27.23036,27.54657,26.78766,27.54657,50800,0.0,0.0
2023-03-22 00:00:00-04:00,27.42009,27.93506,26.7967,27.0587,16500,0.0,0.0
2023-03-23 00:00:00-04:00,27.32974,27.32974,26.29979,26.55276,29200,0.0,0.0
2023-03-24 00:00:00-04:00,26.50759,27.09484,26.29979,26.95932,12900,0.0,0.0
2023-03-27 00:00:00-04:00,27.18519,27.31167,26.92318,27.24843,8900,0.0,0.0
2023-03-28 00:00:00-04:00,27.21229,28.11575,27.21229,27.42912,14100,0.0,0.0
2023-03-29 00:00:00-04:00,27.71823,27.71823,27.27553,27.27553,38200,0.0,0.0
2023-03-30 00:00:00-04:00,27.39298,27.48333,26.76056,26.91415,13700,0.0,0.0
2023-03-31 00:00:00-04:00,27.18519,27.48333,26.92318,27.11291,11100,0.0,0.0
2023-04-03 00:00:00-04:00,27.04966,27.35684,26.67021,26.78766,14300,0.0,0.0
2023-04-04 00:00:00-04:00,26.92318,27.21229,25.82999,26.092,26200,0.0,0.0
2023-04-05 00:00:00-04:00,26.03779,26.38111,25.84806,26.38111,10700,0.0,0.0
2023-04-06 00:00:00-04:00,26.23655,26.23655,25.97455,26.20041,14000,0.0,0.0
2023-04-10 00:00:00-04:00,26.01069,26.21848,25.81192,25.81192,80300,0.0,0.0
2023-04-11 00:00:00-04:00,25.86613,26.83284,25.86613,26.48048,24100,0.0,0.0
2023-04-12 00:00:00-04:00,26.49856,27.30264,26.31786,26.61601,13600,0.0,0.0
2023-04-13 00:00:00-04:00,26.43532,27.27554,26.43532,26.80574,15000,0.0,0.0
2023-04-14 00:00:00-04:00,26.88705,27.33878,26.52566,26.60697,28200,0.0,0.0
2023-04-17 00:00:00-04:00,26.616,26.94125,26.27269,26.87801,16300,0.0,0.0
2023-04-18 00:00:00-04:00,26.85091,27.33878,26.00165,26.20041,14300,0.0,0.0
2023-04-19 00:00:00-04:00,26.39917,26.68828,26.24558,26.48048,8000,0.0,0.0
2023-04-20 00:00:00-04:00,26.55276,27.15808,26.28172,26.48048,10100,0.0,0.0
2023-04-21 00:00:00-04:00,26.24559,26.65214,25.81192,26.01972,15200,0.0,0.0
2023-04-24 00:00:00-04:00,25.80289,26.23655,25.31502,25.47764,87100,0.0,0.0
2023-04-25 00:00:00-04:00,25.45957,25.74868,24.25797,24.6826,16900,0.0,0.0
2023-04-26 00:00:00-04:00,24.59225,24.95364,23.5623,23.78817,43800,0.0,0.0
2023-04-27 00:00:00-04:00,24.01403,25.98358,24.01403,25.89323,28300,0.0,0.0
2023-04-28 00:00:00-04:00,26.33593,27.02256,26.13717,27.02256,18200,0.0,0.0
2023-05-01 00:00:00-04:00,26.79669,27.5285,26.73345,27.37491,100100,0.0,0.0
2023-05-02 00:00:00-04:00,27.36588,27.36588,25.92937,26.33593,27900,0.0,0.0
2023-05-03 00:00:00-04:00,26.33593,27.10387,26.33593,26.8509,20900,0.0,0.0
2023-05-04 00:00:00-04:00,26.5618,26.5889,25.76675,26.08296,37100,0.0,0.0
2023-05-05 00:00:00-04:00,26.41724,26.62504,26.20041,26.62504,20300,0.0,0.0
2023-05-08 00:00:00-04:00,26.62504,26.62504,26.24558,26.42628,33100,0.0,0.0
2023-05-09 00:00:00-04:00,26.42628,26.42628,25.97455,26.01068,16500,0.0,0.0
2023-05-10 00:00:00-04:00,26.33877,26.357,25.87397,26.24764,19000,0.25,0.0
2023-05-11 00:00:00-04:00,26.14739,26.22942,25.76461,25.76461,9200,0.0,0.0
2023-05-12 00:00:00-04:00,25.94689,25.94689,24.90792,25.16311,13000,0.0,0.0
2023-05-15 00:00:00-04:00,24.89881,26.13828,24.89881,25.86486,13600,0.0,0.0
2023-05-16 00:00:00-04:00,25.78284,26.55751,25.57322,26.01068,13300,0.0,0.0
2023-05-17 00:00:00-04:00,26.36612,26.95852,26.06537,26.67599,14100,0.0,0.0
2023-05-18 00:00:00-04:00,26.64864,26.78535,26.01979,26.24764,12500,0.0,0.0
2023-05-19 00:00:00-04:00,26.33878,26.33878,25.27247,25.62791,13200,0.0,0.0
2023-05-22 00:00:00-04:00,25.87398,26.32967,25.65525,26.07448,16800,0.0,0.0
2023-05-23 00:00:00-04:00,26.23853,26.65776,26.09271,26.20207,8900,0.0,0.0
2023-05-24 00:00:00-04:00,26.4208,26.61219,25.87398,26.21119,14400,0.0,0.0
2023-05-25 00:00:00-04:00,26.06537,26.8856,26.06537,26.50283,18400,0.0,0.0
2023-05-26 00:00:00-04:00,26.59397,26.88561,26.27499,26.31144,11400,0.0,0.0
2023-05-30 00:00:00-04:00,26.5484,26.55751,25.98334,26.07448,10800,0.0,0.0
2023-05-31 00:00:00-04:00,25.97423,26.26587,25.61879,25.88309,14400,0.0,0.0
2023-06-01 00:00:00-04:00,25.99246,26.90384,25.86487,26.75802,32100,0.0,0.0
2023-06-02 00:00:00-04:00,27.09522,27.82432,26.29321,27.60559,20000,0.0,0.0
2023-06-05 00:00:00-04:00,27.79698,27.79698,27.49623,27.49623,13900,0.0,0.0
2023-06-06 00:00:00-04:00,27.50534,28.26178,27.50534,27.52357,16100,0.0,0.0
2023-06-07 00:00:00-04:00,27.91546,28.82684,27.8061,28.69013,10300,0.0,0.0
2023-06-08 00:00:00-04:00,28.48963,28.58077,28.04305,28.11596,10700,0.0,0.0
2023-06-09 00:00:00-04:00,28.32558,28.48051,27.97926,27.97926,9800,0.0,0.0
2023-06-12 00:00:00-04:00,28.4714,28.4714,27.58736,27.78787,12900,0.0,0.0
2023-06-13 00:00:00-04:00,27.88812,28.48963,27.87901,28.16154,15700,0.0,0.0
2023-06-14 00:00:00-04:00,29.11848,29.16405,28.02483,28.16154,13000,0.0,0.0
2023-06-15 00:00:00-04:00,28.60811,28.60811,26.98586,27.12256,31900,0.0,0.0
2023-06-16 00:00:00-04:00,27.29573,27.29573,25.91955,26.72156,53300,0.0,0.0
2023-06-20 00:00:00-04:00,26.93117,27.78787,26.61219,27.78787,34200,0.0,0.0
2023-06-21 00:00:00-04:00,27.86989,28.1433,27.70584,27.88812,27000,0.0,0.0
2023-06-22 00:00:00-04:00,28.2071,28.30735,27.58737,28.07951,29800,0.0,0.0
2023-06-23 00:00:00-04:00,27.71496,28.34381,26.97674,27.33218,734700,0.0,0.0
2023-06-26 00:00:00-04:00,27.2775,28.21621,27.2775,27.6147,35400,0.0,0.0
2023-06-27 00:00:00-04:00,27.81521,28.14331,27.13168,27.19547,20000,0.0,0.0
2023-06-28 00:00:00-04:00,27.23193,27.78787,27.23193,27.64205,11700,0.0,0.0
2023-06-29 00:00:00-04:00,27.10434,27.9428,27.10434,27.7423,13200,0.0,0.0
2023-06-30 00:00:00-04:00,27.38687,27.56003,27.24105,27.40509,10000,0.0,0.0
2023-07-03 00:00:00-04:00,27.4142,27.79698,27.4142,27.79698,6400,0.0,0.0
2023-07-05 00:00:00-04:00,27.72407,28.11596,27.55091,27.63293,10800,0.0,0.0
2023-07-06 00:00:00-04:00,27.3413,27.68762,27.3413,27.68762,14300,0.0,0.0
2023-07-07 00:00:00-04:00,27.68761,28.30735,27.37775,28.17064,55800,0.0,0.0
2023-07-10 00:00:00-04:00,28.30735,28.4714,27.42332,27.82432,12000,0.0,0.0
2023-07-11 00:00:00-04:00,28.26178,28.37115,27.55091,27.8061,7600,0.0,0.0
2023-07-12 00:00:00-04:00,27.87901,27.91546,27.62382,27.72407,11000,0.0,0.0
2023-07-13 00:00:00-04:00,27.77875,27.89723,27.76964,27.88812,4900,0.0,0.0
2023-07-14 00:00:00-04:00,27.92458,28.03394,27.39598,27.5418,9900,0.0,0.0
2023-07-17 00:00:00-04:00,27.31395,27.80609,27.31395,27.76964,8300,0.0,0.0
2023-07-18 00:00:00-04:00,27.95192,28.56254,27.57825,28.52608,10000,0.0,0.0
2023-07-19 00:00:00-04:00,28.52609,29.62885,27.67851,28.65368,9900,0.0,0.0
2023-07-20 00:00:00-04:00,28.91798,29.35544,28.48963,29.16405,20900,0.0,0.0
2023-07-21 00:00:00-04:00,29.401,29.41923,29.18228,29.33721,10000,0.0,0.0
2023-07-24 00:00:00-04:00,29.38278,29.76555,29.11848,29.74733,7800,0.0,0.0
2023-07-25 00:00:00-04:00,29.75644,29.76555,29.10936,29.401,8300,0.0,0.0
2023-07-26 00:00:00-04:00,29.58328,30.70427,29.58328,30.53111,12600,0.0,0.0
2023-07-27 00:00:00-04:00,31.00503,31.08705,28.76304,28.92709,17000,0.0,0.0
2023-07-28 00:00:00-04:00,29.21873,29.25518,28.76304,29.16405,9600,0.0,0.0
2023-07-31 00:00:00-04:00,29.22784,29.22784,27.58736,28.25267,19900,0.0,0.0
2023-08-01 00:00:00-04:00,28.0066,28.10685,26.90383,27.96103,34600,0.0,0.0
2023-08-02 00:00:00-04:00,27.7423,28.80861,27.7423,28.71747,12600,0.0,0.0
2023-08-03 00:00:00-04:00,28.5352,29.3281,28.10685,29.13671,6000,0.0,0.0
2023-08-04 00:00:00-04:00,28.89064,28.89064,28.46229,28.51697,8000,0.0,0.0
2023-08-07 00:00:00-04:00,28.52608,28.92709,28.48963,28.89063,5100,0.0,0.0
2023-08-08 00:00:00-04:00,28.71748,29.22785,28.28913,29.00912,9700,0.0,0.0
2023-08-09 00:00:00-04:00,29.23876,29.71643,28.66924,29.51434,17700,0.25,0.0
2023-08-10 00:00:00-04:00,29.41329,29.77154,29.38574,29.55108,17200,0.0,0.0
2023-08-11 00:00:00-04:00,29.30306,29.71643,29.1469,29.65213,11900,0.0,0.0
2023-08-14 00:00:00-04:00,29.55108,29.55108,28.47633,28.6233,9200,0.0,0.0
2023-08-15 00:00:00-04:00,28.52226,28.86214,27.88843,28.22831,10100,0.0,0.0
2023-08-16 00:00:00-04:00,28.51308,29.00911,28.4304,28.52226,16300,0.0,0.0
2023-08-17 00:00:00-04:00,28.80703,28.89888,28.18238,28.20076,21000,0.0,0.0
2023-08-18 00:00:00-04:00,28.11808,28.85295,27.96192,28.69679,30700,0.0,0.0
2023-08-21 00:00:00-04:00,28.56819,28.56819,28.00785,28.24668,9600,0.0,0.0
2023-08-22 00:00:00-04:00,28.17319,28.559,28.02622,28.15482,13900,0.0,0.0
2023-08-23 00:00:00-04:00,28.10889,29.39492,27.64041,28.18238,17200,0.0,0.0
2023-08-24 00:00:00-04:00,28.28343,28.89888,27.98947,28.45796,13500,0.0,0.0
2023-08-25 00:00:00-04:00,28.38447,28.40284,28.05378,28.20994,4400,0.0,0.0
2023-08-28 00:00:00-04:00,28.10889,28.27424,27.83332,27.85169,13800,0.0,0.0
2023-08-29 00:00:00-04:00,27.94355,28.40284,27.76901,27.96192,7800,0.0,0.0
2023-08-30 00:00:00-04:00,27.78739,27.78739,27.30054,27.30054,3500,0.0,0.0
2023-08-31 00:00:00-04:00,27.68634,27.68634,27.19949,27.23623,14000,0.0,0.0
2023-09-01 00:00:00-04:00,27.88843,27.9068,27.6496,27.7139,7000,0.0,0.0
2023-09-05 00:00:00-04:00,27.7139,27.7139,27.20867,27.30972,4600,0.0,0.0
2023-09-06 00:00:00-04:00,27.08926,27.20868,26.63915,27.01577,9700,0.0,0.0
2023-09-07 00:00:00-04:00,27.01577,27.1903,26.01451,27.18112,57100,0.0,0.0
2023-09-08 00:00:00-04:00,27.30053,27.40158,26.3452,27.40158,14000,0.0,0.0
2023-09-11 00:00:00-04:00,27.24542,27.39239,26.81368,27.01577,13200,0.0,0.0
2023-09-12 00:00:00-04:00,27.126,27.28216,26.85042,27.16274,5300,0.0,0.0
2023-09-13 00:00:00-04:00,27.13519,27.13519,26.90554,26.90554,6700,0.0,0.0
2023-09-14 00:00:00-04:00,26.85961,27.54855,26.85961,27.53937,7100,0.0,0.0
2023-09-15 00:00:00-04:00,27.50263,28.3661,27.20868,28.27424,73900,0.0,0.0
2023-09-18 00:00:00-04:00,28.29261,28.29261,27.36484,27.49344,21400,0.0,0.0
2023-09-19 00:00:00-04:00,27.46588,27.82413,27.45669,27.66797,14200,0.0,0.0
2023-09-20 00:00:00-04:00,28.01704,28.01704,27.31891,27.35565,6900,0.0,0.0
2023-09-21 00:00:00-04:00,27.3832,27.3832,26.86879,27.14437,17000,0.0,0.0
2023-09-22 00:00:00-04:00,27.11682,27.47507,26.9331,26.96984,18000,0.0,0.0
2023-09-25 00:00:00-04:00,27.01577,27.55774,27.01577,27.42914,25600,0.0,0.0
2023-09-26 00:00:00-04:00,27.20867,27.53936,27.11681,27.23623,10500,0.0,0.0
2023-09-27 00:00:00-04:00,27.41995,27.54855,26.96984,26.97903,12200,0.0,0.0
2023-09-28 00:00:00-04:00,26.97903,27.36484,26.97903,27.22705,10000,0.0,0.0
2023-09-29 00:00:00-04:00,27.36484,27.36484,27.08926,27.09844,15500,0.0,0.0
2023-10-02 00:00:00-04:00,26.55647,27.07088,25.81242,26.13392,22300,0.0,0.0
2023-10-03 00:00:00-04:00,26.13392,26.41869,25.83079,26.2809,9500,0.0,0.0
2023-10-04 00:00:00-04:00,26.088,26.72182,26.07881,26.23497,17100,0.0,0.0
2023-10-05 00:00:00-04:00,26.4095,26.74938,26.39113,26.74938,18600,0.0,0.0
2023-10-06 00:00:00-04:00,26.57485,26.83205,26.23497,26.76775,28500,0.0,0.0
2023-10-09 00:00:00-04:00,26.68508,27.20867,26.64833,26.96984,17200,0.0,0.0
2023-10-10 00:00:00-04:00,26.96984,27.48425,26.96984,27.47507,15700,0.0,0.0
2023-10-11 00:00:00-04:00,26.70345,27.50263,26.70345,27.35565,7200,0.0,0.0
2023-10-12 00:00:00-04:00,27.41995,27.83332,27.23623,27.57611,8500,0.0,0.0
2023-10-13 00:00:00-04:00,26.78612,27.2546,26.78612,26.98821,6700,0.0,0.0
2023-10-16 00:00:00-04:00,27.59448,27.7139,27.22705,27.42914,6600,0.0,0.0
2023-10-17 00:00:00-04:00,28.1089,28.1089,27.36484,27.5853,15200,0.0,0.0
2023-10-18 00:00:00-04:00,26.84124,27.21786,26.84124,27.21786,4900,0.0,0.0
2023-10-19 00:00:00-04:00,26.94228,27.00658,26.85042,26.85961,6000,0.0,0.0
2023-10-20 00:00:00-04:00,26.91472,26.91472,26.45543,26.51055,7800,0.0,0.0
2023-10-23 00:00:00-04:00,26.82286,26.84123,26.45543,26.62996,4000,0.0,0.0
2023-10-24 00:00:00-04:00,26.74019,26.74019,26.22578,26.37276,9300,0.0,0.0
2023-10-25 00:00:00-04:00,26.4095,26.90554,26.22578,26.81368,16400,0.0,0.0
2023-10-26 00:00:00-04:00,27.54855,27.54855,26.63915,27.08926,8200,0.0,0.0
2023-10-27 00:00:00-04:00,27.41995,27.41995,26.22578,26.3452,8000,0.0,0.0
2023-10-30 00:00:00-04:00,26.35438,26.88717,25.83079,26.8688,7300,0.0,0.0
2023-10-31 00:00:00-04:00,26.6024,26.73101,25.83997,26.51973,18000,0.0,0.0
2023-11-01 00:00:00-04:00,26.30846,26.75857,26.30846,26.48299,5300,0.0,0.0
2023-11-02 00:00:00-04:00,26.76775,26.76775,26.67589,26.73101,5800,0.0,0.0
2023-11-03 00:00:00-04:00,26.96066,27.53937,26.64833,27.53937,8100,0.0,0.0
2023-11-06 00:00:00-05:00,27.46588,27.55774,26.57485,26.64833,13900,0.0,0.0
2023-11-07 00:00:00-05:00,26.59322,27.13519,25.78486,26.97903,7600,0.0,0.0
2023-11-08 00:00:00-05:00,27.10873,27.10873,26.4602,26.94197,16800,0.25,0.0
2023-11-09 00:00:00-05:00,27.08094,27.14579,26.86785,27.14579,4100,0.0,0.0
2023-11-10 00:00:00-05:00,27.433,27.53491,27.14579,27.35888,13000,0.0,0.0
2023-11-13 00:00:00-05:00,27.01609,27.54418,27.01609,27.06241,5500,0.0,0.0
2023-11-14 00:00:00-05:00,27.25697,28.71154,27.25697,28.53551,19600,0.0,0.0
2023-11-15 00:00:00-05:00,28.18344,29.27669,28.18344,28.67448,6100,0.0,0.0
2023-11-16 00:00:00-05:00,28.48918,28.7208,28.16491,28.67448,5600,0.0,0.0
2023-11-17 00:00:00-05:00,28.69301,29.45272,28.5911,29.45272,17300,0.0,0.0
2023-11-20 00:00:00-05:00,29.25816,29.33228,28.82272,28.85977,6100,0.0,0.0
2023-11-21 00:00:00-05:00,28.48919,29.0914,28.32242,28.73007,4600,0.0,0.0
2023-11-22 00:00:00-05:00,29.00801,29.86964,28.71154,28.99875,17700,0.0,0.0
2023-11-24 00:00:00-05:00,29.08213,29.88816,29.08213,29.5361,3400,0.0,0.0
2023-11-27 00:00:00-05:00,29.18404,29.23963,28.60036,28.60036,10100,0.0,0.0
2023-11-28 00:00:00-05:00,28.62816,28.87831,28.32242,28.32242,7500,0.0,0.0
2023-11-29 00:00:00-05:00,28.38727,29.19331,28.0908,28.378,6600,0.0,0.0
2023-11-30 00:00:00-05:00,28.39654,28.39654,27.52565,28.1186,15700,0.0,0.0
2023-12-01 00:00:00-05:00,28.70227,29.2211,28.61889,29.2211,12000,0.0,0.0
2023-12-04 00:00:00-05:00,29.58243,30.10126,29.51757,30.10126,19500,0.0,0.0
2023-12-05 00:00:00-05:00,29.79552,30.11052,29.70287,29.88816,11100,0.0,0.0
2023-12-06 00:00:00-05:00,30.11052,30.6942,29.96228,30.01787,14500,0.0,0.0
2023-12-07 00:00:00-05:00,30.40699,30.68493,30.24949,30.6664,7700,0.0,0.0
2023-12-08 00:00:00-05:00,30.57376,30.94435,30.38846,30.94435,6300,0.0,0.0
2023-12-11 00:00:00-05:00,31.08332,31.08332,30.28655,30.84244,9000,0.0,0.0
2023-12-12 00:00:00-05:00,30.94435,31.60215,30.6664,31.13891,20400,0.0,0.0
2023-12-13 00:00:00-05:00,31.05553,32.72319,30.99068,32.24142,48600,0.0,0.0
2023-12-14 00:00:00-05:00,32.42671,33.80717,32.42671,33.38099,16900,0.0,0.0
2023-12-15 00:00:00-05:00,33.62187,34.7985,33.56628,34.56688,74700,0.0,0.0
2023-12-18 00:00:00-05:00,34.38158,34.57614,32.25069,34.00173,21300,0.0,0.0
2023-12-19 00:00:00-05:00,34.30747,35.07645,34.30747,34.35379,17900,0.0,0.0
2023-12-20 00:00:00-05:00,35.66938,35.71571,34.25187,34.4557,25600,0.0,0.0
2023-12-21 00:00:00-05:00,35.85468,35.85468,34.22408,34.44644,13700,0.0,0.0
2023-12-22 00:00:00-05:00,34.45569,34.70584,34.10363,34.60393,8600,0.0,0.0
2023-12-26 00:00:00-05:00,34.88188,35.51188,34.84482,35.21541,11200,0.0,0.0
2023-12-27 00:00:00-05:00,34.90968,34.92821,34.27041,34.62247,15000,0.0,0.0
2023-12-28 00:00:00-05:00,34.49275,34.87261,34.16849,34.60393,14000,0.0,0.0
2023-12-29 00:00:00-05:00,34.74291,34.87261,34.13143,34.24261,10500,0.0,0.0
2024-01-02 00:00:00-05:00,34.24261,35.06717,34.15923,34.71511,17700,0.0,0.0
2024-01-03 00:00:00-05:00,34.60393,35.01159,34.31673,34.36305,23100,0.0,0.0
2024-01-04 00:00:00-05:00,34.52055,34.84482,34.52055,34.58541,22000,0.0,0.0
2024-01-05 00:00:00-05:00,34.4835,35.13203,34.4835,34.82629,43300,0.0,0.0
2024-01-08 00:00:00-05:00,34.59467,34.65026,33.78864,34.19629,9700,0.0,0.0
2024-01-09 00:00:00-05:00,33.83496,33.94614,33.09378,33.19569,21800,0.0,0.0
2024-01-10 00:00:00-05:00,32.93627,33.15862,32.44524,32.82509,25600,0.0,0.0
2024-01-11 00:00:00-05:00,33.04745,33.04745,32.45451,32.70466,13900,0.0,0.0
2024-01-12 00:00:00-05:00,32.86216,33.55702,32.52863,33.3532,13900,0.0,0.0
2024-01-16 00:00:00-05:00,33.21422,33.42731,33.01966,33.06598,6900,0.0,0.0
2024-01-17 00:00:00-05:00,32.68613,32.95481,32.68613,32.69539,5000,0.0,0.0
2024-01-18 00:00:00-05:00,32.97334,32.99187,32.29702,32.51011,10100,0.0,0.0
2024-01-19 00:00:00-05:00,32.60274,33.03819,31.8523,32.71392,7900,0.0,0.0
2024-01-22 00:00:00-05:00,32.75098,33.63114,31.97274,33.62187,10700,0.0,0.0
2024-01-23 00:00:00-05:00,33.39025,33.51069,32.64907,32.64907,9800,0.0,0.0
2024-01-24 00:00:00-05:00,32.56569,32.88996,32.56569,32.76951,7100,0.0,0.0
2024-01-25 00:00:00-05:00,33.43657,34.74291,32.88995,34.73364,14800,0.0,0.0
2024-01-26 00:00:00-05:00,35.1135,35.31733,34.46497,34.46497,12000,0.0,0.0
2024-01-29 00:00:00-05:00,34.93747,34.93747,34.04806,34.37232,10900,0.0,0.0
2024-01-30 00:00:00-05:00,33.93688,35.09497,33.84423,34.55761,11300,0.0,0.0
2024-01-31 00:00:00-05:00,34.50203,34.90041,34.1129,34.1129,9700,0.0,0.0
2024-02-01 00:00:00-05:00,33.07525,33.63113,33.07525,33.63113,6100,0.0,0.0
2024-02-02 00:00:00-05:00,33.01039,33.01039,31.982,31.982,10500,0.0,0.0
2024-02-05 00:00:00-05:00,31.78744,31.78744,31.11111,31.70406,7700,0.0,0.0
2024-02-06 00:00:00-05:00,31.77818,31.77818,29.67508,30.28655,18100,0.0,0.0
2024-02-07 00:00:00-05:00,30.25853,31.07103,29.48339,31.07103,22600,0.26,0.0
2024-02-08 00:00:00-05:00,31.19244,31.54732,31.10839,31.31384,6200,0.0,0.0
2024-02-09 00:00:00-05:00,31.28583,32.52793,31.28583,32.19172,6900,0.0,0.0
2024-02-12 00:00:00-05:00,32.74273,33.62993,32.5466,32.5466,14500,0.0,0.0
2024-02-13 00:00:00-05:00,32.21974,32.48123,29.9877,30.26787,12300,0.0,0.0
2024-02-14 00:00:00-05:00,30.82822,31.57534,30.44532,31.41658,11200,0.0,0.0
2024-02-15 00:00:00-05:00,32.58396,33.6953,32.58396,33.6953,8600,0.0,0.0
2024-02-16 00:00:00-05:00,33.48985,35.01212,31.91155,31.93023,9200,0.0,0.0
2024-02-20 00:00:00-05:00,31.5193,32.78942,31.06169,31.68741,8700,0.0,0.0
2024-02-21 00:00:00-05:00,31.93957,31.93957,31.05236,31.56601,5900,0.0,0.0
2024-02-22 00:00:00-05:00,31.59402,31.67807,30.31457,31.00566,19300,0.0,0.0
2024-02-23 00:00:00-05:00,31.79014,31.79014,30.52936,30.53871,2400,0.0,0.0
2024-02-26 00:00:00-05:00,30.7535,31.26715,30.51069,31.26715,8400,0.0,0.0
2024-02-27 00:00:00-05:00,31.83684,32.21974,30.50135,31.40724,11800,0.0,0.0
2024-02-28 00:00:00-05:00,31.08037,31.10839,30.49202,30.49202,4500,0.0,0.0
2024-02-29 00:00:00-05:00,31.22045,31.45393,30.48267,31.16442,20900,0.0,0.0
2024-03-01 00:00:00-05:00,31.28583,31.34187,30.32391,30.35193,7700,0.0,0.0
2024-03-04 00:00:00-05:00,30.21184,30.21184,29.83828,30.11845,7700,0.0,0.0
2024-03-05 00:00:00-05:00,29.74489,31.03368,29.74489,30.07175,5300,0.0,0.0
2024-03-06 00:00:00-05:00,29.70753,29.88497,29.70753,29.88497,4400,0.0,0.0
2024-03-07 00:00:00-05:00,29.94101,30.35193,29.58612,30.2492,12400,0.0,0.0
2024-03-08 00:00:00-05:00,30.52003,30.52003,30.07176,30.49202,5000,0.0,0.0
2024-03-11 00:00:00-04:00,29.94101,30.5854,29.87564,30.23052,3500,0.0,0.0
2024-03-12 00:00:00-04:00,30.09977,30.35193,30.09977,30.21184,3900,0.0,0.0
2024-03-13 00:00:00-04:00,30.29589,30.29589,29.57678,30.16514,6300,0.0,0.0
2024-03-14 00:00:00-04:00,30.16514,30.33325,29.99704,29.99704,9000,0.0,0.0
2024-03-15 00:00:00-04:00,29.67017,30.2492,29.67017,30.2492,25700,0.0,0.0
2024-03-18 00:00:00-04:00,30.08109,30.44531,30.08109,30.21184,5400,0.0,0.0
2024-03-19 00:00:00-04:00,30.10911,30.40796,29.67018,29.81026,6200,0.0,0.0
2024-03-20 00:00:00-04:00,30.11844,31.21111,30.11844,31.17376,9600,0.0,0.0
2024-03-21 00:00:00-04:00,31.24848,31.75279,31.24848,31.56601,10100,0.0,0.0
2024-03-22 00:00:00-04:00,31.54732,31.72477,31.24848,31.25782,9100,0.0,0.0
2024-03-25 00:00:00-04:00,31.25782,31.2765,30.95897,31.015,5800,0.0,0.0
2024-03-26 00:00:00-04:00,32.10767,32.10767,30.77218,30.77218,5300,0.0,0.0
2024-03-27 00:00:00-04:00,31.39791,31.4913,31.03368,31.4913,9300,0.0,0.0
2024-03-28 00:00:00-04:00,31.44459,32.41585,31.44459,32.41585,25900,0.0,0.0
2024-04-01 00:00:00-04:00,31.1831,31.40724,31.06169,31.19244,5000,0.0,0.0
2024-04-02 00:00:00-04:00,31.19245,31.45394,30.97764,31.45394,13800,0.0,0.0
2024-04-03 00:00:00-04:00,31.19244,31.63137,31.07103,31.33253,6900,0.0,0.0
2024-04-04 00:00:00-04:00,32.10767,32.10767,31.40724,31.92089,7500,0.0,0.0
2024-04-05 00:00:00-04:00,31.57534,31.57534,31.57534,31.57534,18400,0.0,0.0
2024-04-08 00:00:00-04:00,32.21973,32.21973,31.19244,31.71542,8400,0.0,0.0
2024-04-09 00:00:00-04:00,31.6594,32.20106,31.6594,31.79948,10600,0.0,0.0
2024-04-10 00:00:00-04:00,31.51931,31.51931,30.40796,30.62276,9400,0.0,0.0
2024-04-11 00:00:00-04:00,30.4173,30.4173,30.08109,30.34259,7300,0.0,0.0
2024-04-12 00:00:00-04:00,29.91299,30.51069,29.67951,29.8196,5200,0.0,0.0
2024-04-15 00:00:00-04:00,30.15581,30.15581,28.96975,29.30595,10300,0.0,0.0
2024-04-16 00:00:00-04:00,28.97908,29.29661,28.97908,29.1752,6600,0.0,0.0
2024-04-17 00:00:00-04:00,29.02578,29.14719,28.63354,28.84834,6200,0.0,0.0
2024-04-18 00:00:00-04:00,29.11917,29.16587,28.61486,28.86702,9200,0.0,0.0
2024-04-19 00:00:00-04:00,28.71759,29.64216,28.71759,29.41802,8500,0.0,0.0
2024-04-22 00:00:00-04:00,29.46471,29.88497,28.9604,29.06314,9700,0.0,0.0
2024-04-23 00:00:00-04:00,29.33397,29.56744,28.84834,29.16586,10700,0.0,0.0
2024-04-24 00:00:00-04:00,29.44604,29.53009,28.76429,29.30595,21300,0.0,0.0
2024-04-25 00:00:00-04:00,29.53942,29.6048,29.09115,29.36198,21300,0.0,0.0
2024-04-26 00:00:00-04:00,29.33397,29.39934,29.33397,29.39,5900,0.0,0.0
2024-04-29 00:00:00-04:00,29.80092,29.80092,29.19388,29.58612,10300,0.0,0.0
2024-04-30 00:00:00-04:00,29.8196,29.8196,29.10983,29.10983,12400,0.0,0.0
2024-05-01 00:00:00-04:00,29.6515,29.7729,29.06314,29.6515,21400,0.0,0.0
2024-05-02 00:00:00-04:00,29.87563,30.48267,29.41802,30.31457,10800,0.0,0.0
2024-05-03 00:00:00-04:00,29.91299,30.80954,29.0538,30.6321,8700,0.0,0.0
2024-05-06 00:00:00-04:00,30.89359,32.21974,29.72621,29.80092,16500,0.0,0.0
2024-05-07 00:00:00-04:00,30.09044,31.26715,29.56745,29.57679,20500,0.0,0.0
2024-05-08 00:00:00-04:00,29.37904,30.32068,29.37904,30.32068,11200,0.26,0.0
2024-05-09 00:00:00-04:00,30.65967,31.45064,30.46192,31.45064,14700,0.0,0.0
2024-05-10 00:00:00-04:00,31.35647,31.35647,30.58433,30.78207,10000,0.0,0.0
2024-05-13 00:00:00-04:00,30.59375,31.69546,30.47134,31.47889,24400,0.0,0.0
2024-05-14 00:00:00-04:00,31.73313,31.87437,31.09282,31.09282,26600,0.0,0.0
2024-05-15 00:00:00-04:00,31.09282,31.68605,31.07398,31.46005,6600,0.0,0.0
2024-05-16 00:00:00-04:00,31.28115,31.6578,31.28115,31.41298,6700,0.0,0.0
2024-05-17 00:00:00-04:00,31.64838,31.64838,31.5448,31.57305,5400,0.0,0.0
2024-05-20 00:00:00-04:00,31.12106,31.43181,30.59375,30.59375,8700,0.0,0.0
2024-05-21 00:00:00-04:00,30.59375,31.12106,30.59375,31.0834,3200,0.0,0.0
2024-05-22 00:00:00-04:00,31.14932,31.14932,31.14932,31.14932,4900,0.0,0.0
2024-05-23 00:00:00-04:00,31.14932,32.01562,30.75383,30.75383,17000,0.0,0.0
2024-05-24 00:00:00-04:00,30.88565,31.13048,30.77266,31.13048,5900,0.0,0.0
2024-05-28 00:00:00-04:00,31.12107,31.12107,30.40543,30.64083,9500,0.0,0.0
2024-05-29 00:00:00-04:00,30.13235,30.80091,30.13235,30.42426,10800,0.0,0.0
2024-05-30 00:00:00-04:00,30.65025,31.66722,30.14177,30.97982,11800,0.0,0.0
2024-05-31 00:00:00-04:00,31.1964,31.27173,29.62386,30.87624,43700,0.0,0.0
2024-06-03 00:00:00-04:00,31.20581,31.72371,31.0269,31.16814,7900,0.0,0.0
2024-06-04 00:00:00-04:00,31.17756,31.20581,30.79149,30.88566,8000,0.0,0.0
2024-06-05 00:00:00-04:00,30.31126,31.32823,30.28301,31.04574,36600,0.0,0.0
2024-06-06 00:00:00-04:00,31.13049,31.59188,31.13049,31.59188,3800,0.0,0.0
2024-06-07 00:00:00-04:00,31.18697,31.4318,30.88565,31.4318,13900,0.0,0.0
2024-06-10 00:00:00-04:00,30.92332,31.45064,30.55609,30.55609,6000,0.0,0.0
2024-06-11 00:00:00-04:00,30.32067,31.05515,30.32067,31.05515,5500,0.0,0.0
2024-06-12 00:00:00-04:00,31.76138,31.76138,31.30939,31.67663,10500,0.0,0.0
2024-06-13 00:00:00-04:00,31.01748,31.01748,31.01748,31.01748,3500,0.0,0.0
2024-06-14 00:00:00-04:00,30.65025,30.65025,30.65025,30.65025,4500,0.0,0.0
2024-06-17 00:00:00-04:00,30.396,31.21523,29.95343,31.20581,11600,0.0,0.0
2024-06-18 00:00:00-04:00,31.53539,32.19453,30.99865,31.0834,17100,0.0,0.0
2024-06-20 00:00:00-04:00,31.07398,31.70487,31.07398,31.4318,5500,0.0,0.0
2024-06-21 00:00:00-04:00,31.32822,31.63896,31.0269,31.0269,23000,0.0,0.0
2024-06-24 00:00:00-04:00,31.25289,31.81788,31.25289,31.55422,10500,0.0,0.0
2024-06-25 00:00:00-04:00,31.55422,31.80846,31.24348,31.35647,12000,0.0,0.0
2024-06-26 00:00:00-04:00,31.59189,32.16629,31.59189,31.8273,15200,0.0,0.0
2024-06-27 00:00:00-04:00,32.04387,32.15686,31.90262,32.04387,18300,0.0,0.0
2024-06-28 00:00:00-04:00,32.42994,34.32263,32.12861,34.32263,128800,0.0,0.0
2024-07-01 00:00:00-04:00,34.1343,34.1343,32.84426,32.90075,15300,0.0,0.0
2024-07-02 00:00:00-04:00,33.42807,33.42807,33.0985,33.20208,11000,0.0,0.0
2024-07-03 00:00:00-04:00,32.73126,33.23975,32.73126,33.23033,2000,0.0,0.0
2024-07-05 00:00:00-04:00,33.03259,33.23975,31.41298,31.41298,29300,0.0,0.0
2024-07-08 00:00:00-04:00,31.45064,32.16628,31.45064,31.97795,14700,0.0,0.0
2024-07-09 00:00:00-04:00,31.56364,32.4017,31.4224,32.11921,28100,0.0,0.0
2024-07-10 00:00:00-04:00,31.71429,32.75951,31.51655,32.75951,20100,0.0,0.0
2024-07-11 00:00:00-04:00,33.0985,35.16068,32.61827,34.32263,27300,0.0,0.0
2024-07-12 00:00:00-04:00,34.83111,35.98932,34.22846,35.54675,33600,0.0,0.0
2024-07-15 00:00:00-04:00,35.90457,37.08162,35.34901,36.36597,39800,0.0,0.0
2024-07-16 00:00:00-04:00,36.93096,38.53174,36.2059,38.44699,31000,0.0,0.0
2024-07-17 00:00:00-04:00,38.41874,39.50162,38.41874,39.49221,39900,0.0,0.0
2024-07-18 00:00:00-04:00,39.1438,39.3792,37.85376,38.21158,14200,0.0,0.0
2024-07-19 00:00:00-04:00,38.21159,38.57882,37.66544,37.66544,8900,0.0,0.0
2024-07-22 00:00:00-04:00,37.82551,38.34341,36.92154,38.20217,19400,0.0,0.0
2024-07-23 00:00:00-04:00,38.13625,39.94419,38.13625,39.36979,33500,0.0,0.0
2024-07-24 00:00:00-04:00,40.16077,40.96116,39.8312,40.4056,22200,0.0,0.0
2024-07-25 00:00:00-04:00,40.71633,42.33595,40.65983,42.01579,19100,0.0,0.0
2024-07-26 00:00:00-04:00,42.23237,42.65611,40.39618,41.07416,17300,0.0,0.0
2024-07-29 00:00:00-04:00,41.42256,41.56381,40.15135,40.5845,16000,0.0,0.0
2024-07-30 00:00:00-04:00,40.63159,42.03462,40.11368,42.03462,24800,0.0,0.0
2024-07-31 00:00:00-04:00,41.61089,41.66739,40.40559,41.46022,33800,0.0,0.0
2024-08-01 00:00:00-04:00,42.07229,42.07229,39.3133,39.78411,26100,0.0,0.0
2024-08-02 00:00:00-04:00,38.48466,38.7389,38.17392,38.17392,37800,0.0,0.0
2024-08-05 00:00:00-04:00,36.67672,37.89143,35.78216,37.17579,24700,0.0,0.0
2024-08-06 00:00:00-04:00,37.10046,38.42817,37.10046,38.35283,13100,0.0,0.0
2024-08-07 00:00:00-04:00,38.79835,38.95949,37.6798,38.42866,29200,0.27,0.0
2024-08-08 00:00:00-04:00,38.83627,39.30075,38.70356,39.01638,8000,0.0,0.0
2024-08-09 00:00:00-04:00,38.48554,38.85523,37.38595,38.28648,10400,0.0,0.0
2024-08-12 00:00:00-04:00,38.62773,38.62773,37.60397,37.63241,7600,0.0,0.0
2024-08-13 00:00:00-04:00,38.0495,39.88846,38.0495,39.04481,34400,0.0,0.0
2024-08-14 00:00:00-04:00,39.09221,39.13961,38.59929,38.6846,9100,0.0,0.0
2024-08-15 00:00:00-04:00,39.62304,40.097,39.14908,39.79367,9200,0.0,0.0
2024-08-16 00:00:00-04:00,39.74627,39.74627,38.9121,39.42398,37400,0.0,0.0
2024-08-19 00:00:00-04:00,39.48085,39.74627,39.38606,39.58512,6400,0.0,0.0
2024-08-20 00:00:00-04:00,39.30075,39.53773,38.90262,39.35762,6200,0.0,0.0
2024-08-21 00:00:00-04:00,39.62304,40.27711,39.29127,40.27711,6600,0.0,0.0
2024-08-22 00:00:00-04:00,39.79366,40.30554,39.33866,40.26762,31900,0.0,0.0
2024-08-23 00:00:00-04:00,40.6468,42.76066,40.6468,42.62795,12100,0.0,0.0
2024-08-26 00:00:00-04:00,43.24409,43.24409,42.18242,42.53315,24800,0.0,0.0
2024-08-27 00:00:00-04:00,41.79378,42.56159,41.79378,42.20138,9100,0.0,0.0
2024-08-28 00:00:00-04:00,42.10659,42.10659,41.68951,41.68951,8000,0.0,0.0
2024-08-29 00:00:00-04:00,42.21086,42.21086,41.48096,41.7369,13200,0.0,0.0
2024-08-30 00:00:00-04:00,41.57576,41.86014,41.3293,41.54733,8000,0.0,0.0
2024-09-03 00:00:00-04:00,41.03544,41.37669,40.8269,41.37669,10100,0.0,0.0
2024-09-04 00:00:00-04:00,41.02596,41.33877,40.38137,40.39085,13000,0.0,0.0
2024-09-05 00:00:00-04:00,40.76055,41.31982,39.83159,40.02117,26200,0.0,0.0
2024-09-06 00:00:00-04:00,40.20127,40.84585,39.45241,40.29606,13500,0.0,0.0
2024-09-09 00:00:00-04:00,40.56149,41.06388,40.24867,40.3719,10800,0.0,0.0
2024-09-10 00:00:00-04:00,40.35294,40.87429,40.20127,40.20127,9600,0.0,0.0
2024-09-11 00:00:00-04:00,39.92638,40.01169,39.11117,39.80315,37000,0.0,0.0
2024-09-12 00:00:00-04:00,39.67992,40.95961,39.62304,40.95961,14800,0.0,0.0
2024-09-13 00:00:00-04:00,41.66107,42.24878,41.24398,42.18243,12100,0.0,0.0
2024-09-16 00:00:00-04:00,42.40045,42.98816,40.53304,42.62795,19900,0.0,0.0
2024-09-17 00:00:00-04:00,43.22513,43.22513,41.95492,42.09711,24900,0.0,0.0
2024-09-18 00:00:00-04:00,42.14451,44.39108,41.29138,42.64691,41500,0.0,0.0
2024-09-19 00:00:00-04:00,43.49056,44.56171,42.57108,44.41004,31500,0.0,0.0
2024-09-20 00:00:00-04:00,43.90764,44.28681,43.46212,43.84129,65200,0.0,0.0
2024-09-23 00:00:00-04:00,43.52847,43.86972,42.70378,42.72274,17300,0.0,0.0
2024-09-24 00:00:00-04:00,43.03556,43.03556,41.86961,42.17295,10200,0.0,0.0
2024-09-25 00:00:00-04:00,42.02128,42.5142,41.13972,42.08764,27800,0.0,0.0
2024-09-26 00:00:00-04:00,42.18243,42.18243,41.57576,41.97388,31600,0.0,0.0
2024-09-27 00:00:00-04:00,42.2393,42.91233,41.40513,41.84118,18800,0.0,0.0
2024-09-30 00:00:00-04:00,40.1444,42.24878,40.1444,42.17295,14900,0.0,0.0
2024-10-01 00:00:00-04:00,41.81274,41.81274,40.30555,40.43826,16200,0.0,0.0
2024-10-02 00:00:00-04:00,38.6372,40.65627,37.48074,40.18231,12900,0.0,0.0
2024-10-03 00:00:00-04:00,38.60877,40.24867,38.60877,39.73679,16000,0.0,0.0
2024-10-04 00:00:00-04:00,40.40982,40.42877,39.4619,40.15388,6200,0.0,0.0
2024-10-07 00:00:00-04:00,40.06857,40.1918,39.79367,40.1918,6700,0.0,0.0
2024-10-08 00:00:00-04:00,40.03064,40.04013,39.31023,39.38606,6800,0.0,0.0
2024-10-09 00:00:00-04:00,39.62305,39.83159,39.30075,39.34815,5500,0.0,0.0
2024-10-10 00:00:00-04:00,39.10169,39.49981,38.47606,38.77939,15000,0.0,0.0
2024-10-11 00:00:00-04:00,39.66096,41.20607,39.66096,41.17763,27300,0.0,0.0
2024-10-14 00:00:00-04:00,41.2345,41.74638,41.2345,41.58523,7800,0.0,0.0
2024-10-15 00:00:00-04:00,41.57576,42.95972,41.57576,42.39097,11400,0.0,0.0
2024-10-16 00:00:00-04:00,42.84597,43.45264,42.17295,42.4668,12300,0.0,0.0
2024-10-17 00:00:00-04:00,42.19191,43.80337,41.84118,43.72754,12800,0.0,0.0
2024-10-18 00:00:00-04:00,43.41472,43.86025,42.10659,42.42889,12100,0.0,0.0
2024-10-21 00:00:00-04:00,41.95493,41.95493,40.44774,40.48565,15300,0.0,0.0
2024-10-22 00:00:00-04:00,40.74159,42.10659,40.74159,41.98336,9600,0.0,0.0
2024-10-23 00:00:00-04:00,42.39097,42.43837,41.68003,42.02129,8200,0.0,0.0
2024-10-24 00:00:00-04:00,42.37201,42.40992,41.95492,42.40992,5000,0.0,0.0
2024-10-25 00:00:00-04:00,42.1919,42.1919,41.35773,41.35773,7400,0.0,0.0
2024-10-28 00:00:00-04:00,41.85066,42.7417,41.60419,42.70378,11300,0.0,0.0
2024-10-29 00:00:00-04:00,42.31514,43.41472,42.31514,43.13035,56700,0.0,0.0
2024-10-30 00:00:00-04:00,41.84117,43.45264,41.84117,42.62795,8000,0.0,0.0
2024-10-31 00:00:00-04:00,42.24878,42.24878,41.48096,41.48096,6600,0.0,0.0
2024-11-01 00:00:00-04:00,41.24398,41.26294,40.552,40.66575,12800,0.0,0.0
2024-11-04 00:00:00-05:00,39.75575,41.13971,39.75575,40.57096,24900,0.0,0.0
2024-11-05 00:00:00-05:00,41.13972,42.27723,41.05441,42.27723,13700,0.0,0.0
2024-11-06 00:00:00-05:00,44.05931,46.21108,43.62326,45.94567,41700,0.0,0.0
2024-11-07 00:00:00-05:00,45.9838,46.20304,44.80179,45.00197,16200,0.27,0.0
2024-11-08 00:00:00-05:00,44.96384,46.0124,44.96384,45.78362,8200,0.0,0.0
2024-11-11 00:00:00-05:00,45.69782,46.85123,45.48812,46.53667,18800,0.0,0.0
2024-11-12 00:00:00-05:00,46.04099,46.32695,44.67787,45.0401,20700,0.0,0.0
2024-11-13 00:00:00-05:00,45.11636,45.75502,44.03921,44.7446,13100,0.0,0.0
2024-11-14 00:00:00-05:00,44.63974,44.80179,43.8009,44.4491,13900,0.0,0.0
2024-11-15 00:00:00-05:00,44.78272,44.84945,43.23849,44.29658,18300,0.0,0.0
2024-11-18 00:00:00-05:00,44.32518,44.35378,43.534,43.72464,14400,0.0,0.0
2024-11-19 00:00:00-05:00,42.99066,43.76278,42.58077,43.32429,31800,0.0,0.0
2024-11-20 00:00:00-05:00,43.64838,43.83903,43.37194,43.83903,11200,0.0,0.0
2024-11-21 00:00:00-05:00,44.19173,44.75413,43.95342,43.95342,10700,0.0,0.0
2024-11-22 00:00:00-05:00,44.41096,44.716,43.06691,44.70647,45800,0.0,0.0
2024-11-25 00:00:00-05:00,45.13542,45.70736,44.80179,45.37373,18400,0.0,0.0
2024-11-26 00:00:00-05:00,44.90665,45.52624,44.4205,45.18308,13500,0.0,0.0
2024-11-27 00:00:00-05:00,45.69783,45.80268,44.35378,45.3928,12800,0.0,0.0
2024-11-29 00:00:00-05:00,45.6025,45.6025,44.43956,45.46905,9900,0.0,0.0
2024-12-02 00:00:00-05:00,45.75503,45.75503,44.8018,44.97338,15300,0.0,0.0
2024-12-03 00:00:00-05:00,44.83038,44.83038,43.51493,43.81043,14100,0.0,0.0
2024-12-04 00:00:00-05:00,43.87716,44.19173,43.37195,44.08687,13100,0.0,0.0
2024-12-05 00:00:00-05:00,43.95341,44.3633,43.76277,44.22032,11600,0.0,0.0
2024-12-06 00:00:00-05:00,44.32517,44.32517,42.94299,43.16223,29600,0.0,0.0
2024-12-09 00:00:00-05:00,43.04785,43.46727,42.89534,43.28616,13800,0.0,0.0
2024-12-10 00:00:00-05:00,42.78095,44.02968,42.78095,43.61026,12100,0.0,0.0
2024-12-11 00:00:00-05:00,43.69605,44.02968,43.61026,43.87716,12000,0.0,0.0
2024-12-12 00:00:00-05:00,43.62933,43.62933,43.05739,43.09552,7600,0.0,0.0
2024-12-13 00:00:00-05:00,42.59983,43.51493,42.2948,43.45774,9400,0.0,0.0
2024-12-16 00:00:00-05:00,43.05738,43.84856,42.66656,43.27663,10000,0.0,0.0
2024-12-17 00:00:00-05:00,43.33382,43.54353,42.89533,42.95253,14500,0.0,0.0
2024-12-18 00:00:00-05:00,43.13364,44.03921,39.74968,39.74968,16900,0.0,0.0
2024-12-19 00:00:00-05:00,40.1119,40.83636,39.38745,39.38745,10100,0.0,0.0
2024-12-20 00:00:00-05:00,38.97756,40.7029,38.12918,40.4074,52800,0.0,0.0
2024-12-23 00:00:00-05:00,40.17863,40.98888,39.42558,39.78781,14200,0.0,0.0
2024-12-24 00:00:00-05:00,40.31208,40.31208,39.35885,39.95938,6600,0.0,0.0
2024-12-26 00:00:00-05:00,40.13097,41.15092,39.97845,39.97845,5300,0.0,0.0
2024-12-27 00:00:00-05:00,40.03564,41.19858,38.96802,39.10147,19800,0.0,0.0
2024-12-30 00:00:00-05:00,38.75831,40.6743,38.70112,39.2254,6700,0.0,0.0
2024-12-31 00:00:00-05:00,39.27307,39.49231,35.71752,39.13961,10000,0.0,0.0
2025-01-02 00:00:00-05:00,39.29213,39.29213,37.52865,38.27217,18200,0.0,0.0
2025-01-03 00:00:00-05:00,37.17595,38.78691,37.17595,38.78691,5500,0.0,0.0
2025-01-06 00:00:00-05:00,38.663,39.09195,38.51048,38.8727,20100,0.0,0.0
2025-01-07 00:00:00-05:00,39.15867,39.15867,37.42379,37.90994,10500,0.0,0.0
2025-01-08 00:00:00-05:00,37.62397,38.52954,37.3666,38.34843,15800,0.0,0.0
2025-01-10 00:00:00-05:00,37.90041,37.90041,36.55635,36.7184,24400,0.0,0.0
2025-01-13 00:00:00-05:00,36.75654,38.41515,36.75654,38.41515,22200,0.0,0.0
2025-01-14 00:00:00-05:00,38.51048,39.10148,38.51048,38.79645,8400,0.0,0.0
2025-01-15 00:00:00-05:00,39.4637,39.95938,39.12054,39.80686,11800,0.0,0.0
2025-01-16 00:00:00-05:00,39.43511,39.51137,38.69159,39.08241,11000,0.0,0.0
2025-01-17 00:00:00-05:00,39.23493,39.23493,38.3389,38.84411,9300,0.0,0.0
2025-01-21 00:00:00-05:00,39.02522,40.33115,39.02522,39.96892,13900,0.0,0.0
2025-01-22 00:00:00-05:00,38.38656,40.30255,37.00437,38.10059,20900,0.0,0.0
2025-01-23 00:00:00-05:00,37.70023,38.68206,37.70023,38.68206,20000,0.0,0.0
2025-01-24 00:00:00-05:00,38.30077,39.21587,38.21498,38.45329,18300,0.0,0.0
2025-01-27 00:00:00-05:00,38.50094,39.64482,38.50094,39.17773,22100,0.0,0.0
2025-01-28 00:00:00-05:00,38.86317,39.82593,38.10059,38.2817,21700,0.0,0.0
2025-01-29 00:00:00-05:00,38.28171,39.64482,38.28171,39.64482,6200,0.0,0.0
2025-01-30 00:00:00-05:00,40.22629,40.98888,38.74879,38.74879,10100,0.0,0.0
2025-01-31 00:00:00-05:00,39.09194,39.46371,38.30076,38.5486,14400,0.0,0.0
2025-02-03 00:00:00-05:00,37.65257,39.00615,37.65257,38.00526,12100,0.0,0.0
2025-02-04 00:00:00-05:00,37.75743,38.89177,37.75743,38.70112,8900,0.0,0.0
2025-02-05 00:00:00-05:00,39.08241,39.65435,38.98709,39.46371,12200,0.0,0.0
2025-02-06 00:00:00-05:00,39.59807,40.03954,39.30056,39.30056,6000,0.28,0.0
2025-02-07 00:00:00-05:00,39.30055,39.30055,38.26405,38.41761,9600,0.0,0.0
2025-02-10 00:00:00-05:00,38.38883,38.4752,38.01453,38.03373,19600,0.0,0.0
2025-02-11 00:00:00-05:00,37.91856,38.76311,37.91856,38.74392,32600,0.0,0.0
2025-02-12 00:00:00-05:00,38.01453,38.10091,37.17958,37.17958,27400,0.0,0.0
2025-02-13 00:00:00-05:00,36.94924,37.58265,36.94924,37.46749,11800,0.0,0.0
2025-02-14 00:00:00-05:00,37.70742,37.70742,37.26595,37.46749,15100,0.0,0.0
2025-02-18 00:00:00-05:00,37.4291,37.64984,37.20837,37.4387,22100,0.0,0.0
2025-02-19 00:00:00-05:00,36.94924,38.00493,36.94924,37.67862,12000,0.0,0.0
2025-02-20 00:00:00-05:00,37.59225,38.93586,37.21796,37.21796,10300,0.0,0.0
2025-02-21 00:00:00-05:00,37.65943,37.65943,36.70931,36.70931,10500,0.0,0.0
2025-02-24 00:00:00-05:00,37.25635,37.38111,36.7189,36.7189,11800,0.0,0.0
2025-02-25 00:00:00-05:00,36.98763,38.10091,36.94924,37.21796,15300,0.0,0.0
2025-02-26 00:00:00-05:00,37.04521,37.74581,36.82447,37.63064,10700,0.0,0.0
2025-02-27 00:00:00-05:00,37.39071,37.74581,37.24675,37.24675,10200,0.0,0.0
2025-02-28 00:00:00-05:00,37.4387,37.82259,37.40031,37.82259,6700,0.0,0.0
2025-03-03 00:00:00-05:00,37.62104,37.69782,37.01642,37.45789,11700,0.0,0.0
2025-03-04 00:00:00-05:00,36.7381,37.31393,36.70931,36.7189,8900,0.0,0.0
2025-03-05 00:00:00-05:00,36.46938,36.69011,36.0471,36.0471,11100,0.0,0.0
2025-03-06 00:00:00-05:00,35.96073,36.20066,35.32731,35.82637,10900,0.0,0.0
2025-03-07 00:00:00-05:00,35.34651,36.47897,35.34651,36.45018,10600,0.0,0.0
2025-03-10 00:00:00-04:00,35.89354,36.21985,35.08738,35.08738,14300,0.0,0.0
2025-03-11 00:00:00-04:00,35.42329,35.7304,34.3676,34.45397,19800,0.0,0.0
2025-03-12 00:00:00-04:00,34.37719,35.45207,34.03169,35.05859,20900,0.0,0.0
2025-03-13 00:00:00-04:00,35.75918,35.75918,34.59792,34.77067,8900,0.0,0.0
2025-03-14 00:00:00-04:00,35.57684,35.75918,34.78987,35.27932,9900,0.0,0.0
2025-03-17 00:00:00-04:00,34.59792,35.0202,34.59792,34.99141,8500,0.0,0.0
2025-03-18 00:00:00-04:00,35.16416,36.20065,35.001,35.50965,11800,0.0,0.0
2025-03-19 00:00:00-04:00,35.50966,36.28703,35.0202,36.15267,13600,0.0,0.0
2025-03-20 00:00:00-04:00,35.98951,35.98951,35.73039,35.73039,5900,0.0,0.0
2025-03-21 00:00:00-04:00,35.22174,36.10468,35.22174,35.61523,30300,0.0,0.0
2025-03-24 00:00:00-04:00,36.0567,36.40219,35.50006,36.40219,11300,0.0,0.0
2025-03-25 00:00:00-04:00,36.18146,36.34461,35.93193,36.07589,16300,0.0,0.0
2025-03-26 00:00:00-04:00,36.56535,37.51547,36.56535,36.84367,13600,0.0,0.0
2025-03-27 00:00:00-04:00,36.65172,37.40031,36.23904,37.10279,13800,0.0,0.0
2025-03-28 00:00:00-04:00,37.81299,37.81299,35.76878,36.46938,21700,0.0,0.0
2025-03-31 00:00:00-04:00,35.74958,36.48857,35.6728,36.47897,24300,0.0,0.0
2025-04-01 00:00:00-04:00,36.46938,36.46938,36.18146,36.46938,10400,0.0,0.0
2025-04-02 00:00:00-04:00,36.46937,36.7093,36.06629,36.10468,15300,0.0,0.0
2025-04-03 00:00:00-04:00,34.95302,34.95302,33.88773,34.39639,16300,0.0,0.0
2025-04-04 00:00:00-04:00,33.47505,35.38489,33.21593,34.80906,22800,0.0,0.0
2025-04-07 00:00:00-04:00,34.31,36.79568,34.29081,35.50965,28300,0.0,0.0
2025-04-08 00:00:00-04:00,36.35421,36.52696,34.94342,35.19295,17500,0.0,0.0
2025-04-09 00:00:00-04:00,35.07778,37.85138,34.76108,37.05481,25100,0.0,0.0
2025-04-10 00:00:00-04:00,36.12388,36.12388,35.29852,35.41368,13200,0.0,0.0
2025-04-11 00:00:00-04:00,36.15267,36.45978,35.29852,35.67281,15700,0.0,0.0
2025-04-14 00:00:00-04:00,36.50777,36.91085,36.12388,36.81488,19400,0.0,0.0
2025-04-15 00:00:00-04:00,36.59414,37.64023,36.59414,37.09319,18400,0.0,0.0
2025-04-16 00:00:00-04:00,36.96844,37.18917,36.46938,36.7477,19700,0.0,0.0
2025-04-17 00:00:00-04:00,36.7285,37.4291,36.24864,36.64213,14900,0.0,0.0
2025-04-21 00:00:00-04:00,36.06629,36.3926,35.56724,36.07589,12500,0.0,0.0
2025-04-22 00:00:00-04:00,36.19106,36.80528,35.90314,36.61333,12200,0.0,0.0
2025-04-23 00:00:00-04:00,37.15078,38.02412,37.15078,37.95694,14800,0.0,0.0
2025-04-24 00:00:00-04:00,37.98574,37.98574,37.67862,37.74581,9700,0.0,0.0
2025-04-25 00:00:00-04:00,37.20836,37.74581,36.53656,36.77649,17700,0.0,0.0
2025-04-28 00:00:00-04:00,36.93005,37.59225,36.93005,37.12199,16800,0.0,0.0
2025-04-29 00:00:00-04:00,37.23715,37.765,36.62293,37.66903,20600,0.0,0.0
2025-04-30 00:00:00-04:00,37.00682,37.7554,37.00682,37.52507,19000,0.0,0.0
2025-05-01 00:00:00-04:00,37.30433,37.83218,37.23715,37.4291,20000,0.0,0.0
2025-05-02 00:00:00-04:00,37.52507,39.1182,37.52507,38.49439,25300,0.0,0.0
2025-05-05 00:00:00-04:00,38.40802,38.92627,38.27365,38.27365,17600,0.0,0.0
2025-05-06 00:00:00-04:00,38.19688,38.53278,38.03373,38.03373,15400,0.0,0.0
2025-05-07 00:00:00-04:00,38.1105,38.71512,37.91856,38.04332,19300,0.0,0.0
2025-05-08 00:00:00-04:00,38.25596,38.84555,36.72881,38.76823,15200,0.28,0.0
2025-05-09 00:00:00-04:00,38.50726,38.75856,38.40094,38.48793,10100,0.0,0.0
2025-05-12 00:00:00-04:00,39.32882,40.01507,38.95187,38.95187,17200,0.0,0.0
2025-05-13 00:00:00-04:00,39.36749,39.57046,39.14518,39.32883,11100,0.0,0.0
2025-05-14 00:00:00-04:00,39.01953,39.33849,38.68124,39.16451,43400,0.0,0.0
2025-05-15 00:00:00-04:00,38.79722,39.73478,38.79722,39.57046,12600,0.0,0.0
2025-05-16 00:00:00-04:00,39.49314,39.8121,38.97121,38.97121,21000,0.0,0.0
2025-05-19 00:00:00-04:00,38.75856,39.36749,38.7489,39.33849,16000,0.0,0.0
2025-05-20 00:00:00-04:00,39.5028,39.5028,38.88421,38.95187,10800,0.0,0.0
2025-05-21 00:00:00-04:00,38.62325,38.62325,37.61804,37.78235,14500,0.0,0.0
2025-05-22 00:00:00-04:00,37.54072,37.966,37.21209,37.21209,12300,0.0,0.0
2025-05-23 00:00:00-04:00,36.68049,37.57937,36.58383,37.33774,13700,0.0,0.0
2025-05-27 00:00:00-04:00,37.52138,38.48793,37.52138,38.05298,16000,0.0,0.0
2025-05-28 00:00:00-04:00,37.82102,37.82102,36.24554,37.21209,39400,0.0,0.0
2025-05-29 00:00:00-04:00,37.22175,37.95633,37.22175,37.73402,7200,0.0,0.0
2025-05-30 00:00:00-04:00,37.36674,37.70503,37.1251,37.1251,11600,0.0,0.0
2025-06-02 00:00:00-04:00,36.86413,37.39573,36.68049,36.89312,11000,0.0,0.0
2025-06-03 00:00:00-04:00,37.05744,37.67603,37.02845,37.21209,8500,0.0,0.0
2025-06-04 00:00:00-04:00,36.83514,37.02845,36.71915,36.71915,14200,0.0,0.0
2025-06-05 00:00:00-04:00,36.33253,36.75781,36.11022,36.40985,15000,0.0,0.0
2025-06-06 00:00:00-04:00,36.89313,37.11544,36.65149,37.08644,13500,0.0,0.0
2025-06-09 00:00:00-04:00,37.11544,37.54072,36.37119,37.02845,16900,0.0,0.0
2025-06-10 00:00:00-04:00,37.16376,38.13031,37.02845,37.46339,23600,0.0,0.0
2025-06-11 00:00:00-04:00,37.27008,38.06265,36.97045,37.6857,30500,0.0,0.0
2025-06-12 00:00:00-04:00,37.19276,37.76302,36.79647,37.72436,15600,0.0,0.0
2025-06-13 00:00:00-04:00,37.19276,37.56971,36.64183,36.80614,15600,0.0,0.0
2025-06-16 00:00:00-04:00,36.78681,36.97045,36.46785,36.65149,18600,0.0,0.0
2025-06-17 00:00:00-04:00,36.58383,36.69982,36.37119,36.54517,13600,0.0,0.0
2025-06-18 00:00:00-04:00,36.51618,36.86413,36.44852,36.63216,14700,0.0,0.0
2025-06-20 00:00:00-04:00,36.74814,36.98978,36.67082,36.89312,22000,0.0,0.0
2025-06-23 00:00:00-04:00,36.77714,37.50206,36.77714,37.44407,20200,0.0,0.0
2025-06-24 00:00:00-04:00,37.58904,38.29462,37.58904,37.95633,13700,0.0,0.0
2025-06-25 00:00:00-04:00,37.46339,37.75336,37.31841,37.47306,10600,0.0,0.0
2025-06-26 00:00:00-04:00,37.53105,38.16897,37.27975,38.15931,8200,0.0,0.0
2025-06-27 00:00:00-04:00,38.13997,38.59425,38.12064,38.13031,35600,0.0,0.0
2025-06-30 00:00:00-04:00,38.05299,38.40094,37.97566,38.06265,11400,0.0,0.0
2025-07-01 00:00:00-04:00,37.83068,40.34371,37.83068,39.78311,51600,0.0,0.0
2025-07-02 00:00:00-04:00,39.97641,40.0924,39.73478,40.08273,18700,0.0,0.0
2025-07-03 00:00:00-04:00,40.18906,41.51323,40.18906,41.51323,13000,0.0,0.0
2025-07-07 00:00:00-04:00,41.35858,41.61955,40.60467,40.78832,15200,0.0,0.0
2025-07-08 00:00:00-04:00,41.55189,41.80319,40.18906,41.07828,21000,0.0,0.0
2025-07-09 00:00:00-04:00,40.624,41.4359,40.624,41.25226,14700,0.0,0.0
2025-07-10 00:00:00-04:00,41.20393,41.84185,41.20393,41.4359,8300,0.0,0.0
2025-07-11 00:00:00-04:00,41.37792,41.37792,40.54668,40.76899,12000,0.0,0.0
2025-07-14 00:00:00-04:00,39.80244,41.30059,39.80244,41.07828,11200,0.0,0.0
2025-07-15 00:00:00-04:00,41.01062,41.06862,39.29017,39.29017,13100,0.0,0.0
2025-07-16 00:00:00-04:00,39.54147,40.38237,39.0292,39.91842,12600,0.0,0.0
2025-07-17 00:00:00-04:00,40.35337,40.58534,39.97642,40.29538,16600,0.0,0.0
2025-07-18 00:00:00-04:00,40.54668,40.54668,39.59946,39.59946,16100,0.0,0.0
2025-07-21 00:00:00-04:00,39.82177,40.33404,39.82177,40.27605,11000,0.0,0.0
2025-07-22 00:00:00-04:00,40.35337,40.624,39.91842,39.91842,14400,0.0,0.0
2025-07-23 00:00:00-04:00,40.48868,40.48868,39.68645,40.24705,8900,0.0,0.0
2025-07-24 00:00:00-04:00,40.16973,40.53701,40.07307,40.30504,14800,0.0,0.0
2025-07-25 00:00:00-04:00,40.21806,40.21806,39.15485,39.68645,12000,0.0,0.0
2025-07-28 00:00:00-04:00,39.87976,39.87976,38.82622,38.97121,10600,0.0,0.0
2025-07-29 00:00:00-04:00,39.40615,39.40615,38.88421,39.0292,9700,0.0,0.0
2025-07-30 00:00:00-04:00,39.3385,39.96675,37.94667,38.47827,19900,0.0,0.0
2025-07-31 00:00:00-04:00,38.17864,38.17864,37.4054,37.78235,13400,0.0,0.0
2025-08-01 00:00:00-04:00,37.61804,37.61804,36.24554,36.57417,18600,0.0,0.0
2025-08-04 00:00:00-04:00,36.72882,37.95633,36.72882,37.52139,19000,0.0,0.0
2025-08-05 00:00:00-04:00,36.82547,38.03366,36.82547,37.76302,15900,0.0,0.0
2025-08-06 00:00:00-04:00,37.88868,38.62325,37.76302,37.88868,12500,0.0,0.0
2025-08-07 00:00:00-04:00,38.11385,38.11385,35.95018,37.4481,17400,0.5,0.0
2025-08-08 00:00:00-04:00,37.61454,37.93762,37.61454,37.63412,4600,0.0,0.0
2025-08-11 00:00:00-04:00,37.63412,38.48589,36.4397,37.967,10500,0.0,0.0
2025-08-12 00:00:00-04:00,38.14322,39.71947,38.14322,39.49429,20600,0.0,0.0
2025-08-13 00:00:00-04:00,39.71947,40.59081,39.71947,40.2971,17600,0.0,0.0
2025-08-14 00:00:00-04:00,40.00339,40.395,39.70968,40.395,10800,0.0,0.0
2025-08-15 00:00:00-04:00,40.53207,40.53207,38.80896,39.29848,14900,0.0,0.0
2025-08-18 00:00:00-04:00,39.31806,40.11108,39.31806,39.62157,14800,0.0,0.0
2025-08-19 00:00:00-04:00,39.64115,40.42438,38.45652,38.95583,30300,0.0,0.0
2025-08-20 00:00:00-04:00,39.36701,39.85653,38.88729,39.14183,17700,0.0,0.0
2025-08-21 00:00:00-04:00,39.22995,39.71947,38.82854,39.06351,19800,0.0,0.0
2025-08-22 00:00:00-04:00,39.49429,41.88313,39.49429,41.49152,28000,0.0,0.0
2025-08-25 00:00:00-04:00,40.82578,41.49152,40.52228,40.73767,9700,0.0,0.0
2025-08-26 00:00:00-04:00,40.95305,41.85377,40.95305,41.27613,21500,0.0,0.0
2025-08-27 00:00:00-04:00,41.28592,41.64817,40.53207,41.52089,32300,0.0,0.0
2025-08-28 00:00:00-04:00,41.77544,41.99083,41.59922,41.91251,15200,0.0,0.0
2025-08-29 00:00:00-04:00,41.9223,41.9223,41.59922,41.8146,15900,0.0,0.0
2025-09-02 00:00:00-04:00,41.20761,41.89293,41.07054,41.29572,14200,0.0,0.0
2025-09-03 00:00:00-04:00,41.23697,41.67754,41.21739,41.45236,13000,0.0,0.0
2025-09-04 00:00:00-04:00,41.55026,41.72649,41.19781,41.54047,12900,0.0,0.0
2025-09-05 00:00:00-04:00,41.63838,41.85377,41.09991,41.3153,11000,0.0,0.0
2025-09-08 00:00:00-04:00,41.3153,41.3153,40.38521,40.97263,10900,0.0,0.0
2025-09-09 00:00:00-04:00,40.83557,41.08033,40.72787,40.88452,14500,0.0,0.0
2025-09-10 00:00:00-04:00,40.33626,41.1097,40.33626,40.77683,13100,0.0,0.0
2025-09-11 00:00:00-04:00,40.97263,41.34467,40.65934,41.34467,10200,0.0,0.0
2025-09-12 00:00:00-04:00,40.88452,41.07054,40.56144,40.58102,10200,0.0,0.0
2025-09-15 00:00:00-04:00,40.81599,41.07054,40.2971,40.68872,11300,0.0,0.0
2025-09-16 00:00:00-04:00,40.55165,40.55165,39.82716,40.11108,14700,0.0,0.0
2025-09-17 00:00:00-04:00,40.21878,41.7167,39.96423,40.34605,25700,0.0,0.0
2025-09-18 00:00:00-04:00,40.44396,41.93209,40.16982,41.46215,26200,0.0,0.0
2025-09-19 00:00:00-04:00,41.46215,41.46215,39.74884,40.35584,72200,0.0,0.0
2025-09-22 00:00:00-04:00,40.31668,40.70829,40.01318,40.70829,15200,0.0,0.0
2025-09-23 00:00:00-04:00,40.75725,40.75725,39.788,39.85653,13100,0.0,0.0
2025-09-24 00:00:00-04:00,40.14045,40.51249,39.96423,40.14045,15600,0.0,0.0
2025-09-25 00:00:00-04:00,39.74884,40.395,39.74884,40.10129,9000,0.0,0.0
2025-09-26 00:00:00-04:00,40.14045,40.38521,39.74884,39.77821,26300,0.0,0.0
2025-09-29 00:00:00-04:00,39.70968,39.70968,38.52504,38.6719,15700,0.0,0.0
2025-09-30 00:00:00-04:00,38.64253,39.32785,38.54463,39.0831,19200,0.0,0.0
2025-10-01 00:00:00-04:00,38.63274,39.35723,38.18239,39.03415,20100,0.0,0.0
2025-10-02 00:00:00-04:00,39.17121,39.19079,38.54462,38.62295,15200,0.0,0.0
2025-10-03 00:00:00-04:00,39.25932,39.88591,38.68169,39.20058,11500,0.0,0.0
2025-10-06 00:00:00-04:00,39.44534,39.788,38.88729,39.01456,16000,0.0,0.0
2025-10-07 00:00:00-04:00,39.06352,39.36701,38.76001,38.76001,13000,0.0,0.0
2025-10-08 00:00:00-04:00,39.00477,39.20058,38.51525,38.85791,11100,0.0,0.0
2025-10-09 00:00:00-04:00,38.85792,38.85792,37.88868,37.88868,10600,0.0,0.0
2025-10-10 00:00:00-04:00,37.91804,38.30966,36.71383,36.79215,15300,0.0,0.0
2025-10-13 00:00:00-04:00,37.39915,37.6537,37.05649,37.52643,13800,0.0,0.0
2025-10-14 00:00:00-04:00,37.03691,38.35861,36.92922,38.13343,10000,0.0,0.0
2025-10-15 00:00:00-04:00,38.1726,38.1726,37.17398,37.70266,10900,0.0,0.0
2025-10-16 00:00:00-04:00,36.96838,37.08587,36.56697,36.60614,17000,0.0,0.0
2025-10-17 00:00:00-04:00,36.60614,37.2523,36.60614,36.89006,11400,0.0,0.0
2025-10-20 00:00:00-04:00,36.97817,37.99636,36.97817,37.97678,13000,0.0,0.0
2025-10-21 00:00:00-04:00,37.74182,37.98657,37.54601,37.60475,8200,0.0,0.0
2025-10-22 00:00:00-04:00,37.84951,39.45513,37.84951,38.86771,16300,0.0,0.0
2025-10-23 00:00:00-04:00,38.21176,38.43693,37.99637,38.09427,8300,0.0,0.0
2025-10-24 00:00:00-04:00,38.61316,38.61316,37.967,38.53484,4900,0.0,0.0
2025-10-27 00:00:00-04:00,38.53484,39.68031,37.87888,38.19217,9200,0.0,0.0
2025-10-28 00:00:00-04:00,38.05511,38.69148,38.05511,38.19217,10500,0.0,0.0
2025-10-29 00:00:00-04:00,38.14322,38.14322,37.22293,37.72224,12000,0.0,0.0
2025-10-30 00:00:00-04:00,37.37957,37.75161,37.37957,37.57538,5000,0.0,0.0
2025-10-31 00:00:00-04:00,37.54601,38.1628,36.97817,37.87888,7900,0.0,0.0
2025-11-03 00:00:00-05:00,37.30125,37.47747,37.01733,37.47747,6900,0.0,0.0
2025-11-04 00:00:00-05:00,37.35999,38.04532,37.35999,37.74181,6900,0.0,0.0
2025-11-05 00:00:00-05:00,38.1628,38.30966,37.02712,37.17398,42900,0.0,0.0
2025-11-06 00:00:00-05:00,37.29233,37.48959,36.82876,37.48959,11000,0.28,0.0
2025-11-07 00:00:00-05:00,37.3811,40.64578,37.21343,40.47811,50100,0.0,0.0
2025-11-10 00:00:00-05:00,40.48797,40.48797,39.58057,40.054,11400,0.0,0.0
2025-11-11 00:00:00-05:00,39.7581,40.24139,39.63974,39.63974,14100,0.0,0.0
2025-11-12 00:00:00-05:00,39.08742,40.1329,39.08742,39.50166,13600,0.0,0.0
2025-11-13 00:00:00-05:00,39.44249,39.71865,39.16632,39.53126,14600,0.0,0.0
2025-11-14 00:00:00-05:00,39.43262,39.43262,38.90988,39.31427,9200,0.0,0.0
2025-11-17 00:00:00-05:00,38.9592,39.05782,38.397,38.397,15800,0.0,0.0
2025-11-18 00:00:00-05:00,39.15646,39.15646,38.35754,38.35754,9300,0.0,0.0
2025-11-19 00:00:00-05:00,38.45618,38.75207,38.30823,38.37727,11800,0.0,0.0
2025-11-20 00:00:00-05:00,38.79152,39.45235,38.41672,38.48576,10600,0.0,0.0
2025-11-21 00:00:00-05:00,38.51535,40.02441,38.2885,39.74824,21700,0.0,0.0
2025-11-24 00:00:00-05:00,39.87646,39.87646,39.45235,39.53126,8300,0.0,0.0
2025-11-25 00:00:00-05:00,40.34003,40.86277,40.21181,40.5077,12400,0.0,0.0
2025-11-26 00:00:00-05:00,40.3203,40.39921,39.94551,40.08359,9600,0.0,0.0
2025-11-28 00:00:00-05:00,40.12304,40.58661,40.09345,40.38934,11900,0.0,0.0
2025-12-01 00:00:00-05:00,40.35975,40.36962,39.98496,40.36962,6300,0.0,0.0
2025-12-02 00:00:00-05:00,39.9455,40.28085,39.43262,39.43262,15900,0.0,0.0
2025-12-03 00:00:00-05:00,39.45235,40.07373,39.37344,39.55098,33700,0.0,0.0
2025-12-04 00:00:00-05:00,39.17618,39.78769,38.93947,38.95919,20100,0.0,0.0
2025-12-05 00:00:00-05:00,39.56084,40.06386,39.25509,39.96523,15400,0.0,0.0
2025-12-08 00:00:00-05:00,40.44852,40.44852,39.89618,40.03427,11600,0.0,0.0
2025-12-09 00:00:00-05:00,40.41893,40.62606,40.26112,40.3203,10700,0.0,0.0
2025-12-10 00:00:00-05:00,40.46825,42.44087,40.46825,41.96744,30000,0.0,0.0
2025-12-11 00:00:00-05:00,41.88853,42.64799,41.84908,42.04634,15800,0.0,0.0
2025-12-12 00:00:00-05:00,42.2436,42.62826,42.2436,42.35209,12500,0.0,0.0
2025-12-15 00:00:00-05:00,42.67758,43.0721,42.06607,42.76635,12800,0.0,0.0
2025-12-16 00:00:00-05:00,43.06224,43.61457,42.70717,43.27923,17600,0.0,0.0
2025-12-17 00:00:00-05:00,43.22005,43.40744,41.72086,43.22005,13400,0.0,0.0
2025-12-18 00:00:00-05:00,43.20032,43.46663,42.81566,43.20032,16100,0.0,0.0
2025-12-19 00:00:00-05:00,43.13128,43.13128,42.28306,42.62827,36900,0.0,0.0
2025-12-22 00:00:00-05:00,42.62826,42.73676,41.77017,41.79976,11200,0.0,0.0
2025-12-23 00:00:00-05:00,41.55319,42.58881,41.55319,41.65182,8000,0.0,0.0
2025-12-24 00:00:00-05:00,42.04634,42.10552,41.40524,41.58278,7900,0.0,0.0
2025-12-26 00:00:00-05:00,41.711,41.92798,41.59264,41.59264,4700,0.0,0.0
2025-12-29 00:00:00-05:00,41.27702,41.34606,41.06003,41.34606,5500,0.0,0.0
2025-12-30 00:00:00-05:00,41.1488,41.28688,40.73455,40.79373,5100,0.0,0.0
2025-12-31 00:00:00-05:00,40.97127,41.11921,40.46825,40.60633,7800,0.0,0.0
2026-01-02 00:00:00-05:00,40.61619,40.61619,39.9455,40.29071,5600,0.0,0.0
2026-01-05 00:00:00-05:00,40.98113,41.17839,40.18222,40.58661,7900,0.0,0.0
2026-01-06 00:00:00-05:00,40.27098,40.44852,39.91591,40.27098,14500,0.0,0.0
2026-01-07 00:00:00-05:00,40.17235,40.31043,40.01454,40.01454,5700,0.0,0.0
2026-01-08 00:00:00-05:00,41.12907,41.32633,41.12907,41.26715,5000,0.0,0.0
2026-01-09 00:00:00-05:00,41.07976,42.41128,40.67537,40.99099,14000,0.0,0.0
2026-01-12 00:00:00-05:00,40.70496,40.90222,40.36961,40.90222,5300,0.0,0.0
2026-01-13 00:00:00-05:00,40.28085,40.60633,40.28085,40.3992,5900,0.0,0.0
2026-01-14 00:00:00-05:00,40.30057,41.04031,40.30057,41.04031,6900,0.0,0.0
2026-01-15 00:00:00-05:00,40.84304,41.6814,40.62605,41.6814,8800,0.0,0.0
2026-01-16 00:00:00-05:00,41.44469,41.48414,41.19811,41.42496,8800,0.0,0.0
2026-01-20 00:00:00-05:00,40.64578,41.80963,40.64578,41.02058,10100,0.0,0.0
2026-01-21 00:00:00-05:00,41.42497,42.84525,41.38551,42.83539,15500,0.0,0.0
2026-01-22 00:00:00-05:00,41.57291,43.06224,41.57291,43.06224,13100,0.0,0.0
2026-01-23 00:00:00-05:00,41.21784,41.57291,40.98112,40.98112,6900,0.0,0.0
2026-01-26 00:00:00-05:00,40.92195,41.3362,40.43866,40.43866,10900,0.0,0.0
2026-01-27 00:00:00-05:00,40.33016,40.68524,39.88632,39.92578,6100,0.0,0.0
2026-01-28 00:00:00-05:00,39.55098,39.55098,38.95919,39.07755,12200,0.0,0.0
2026-01-29 00:00:00-05:00,38.94933,40.62606,38.94933,40.62606,10500,0.0,0.0
2026-01-30 00:00:00-05:00,40.27099,42.07593,40.24139,41.40524,17800,0.0,0.0
2026-02-02 00:00:00-05:00,41.06003,42.90443,41.06003,42.14497,14800,0.0,0.0
2026-02-03 00:00:00-05:00,42.14497,42.14497,41.29674,41.9773,8500,0.0,0.0
2026-02-04 00:00:00-05:00,40.89236,42.55922,40.89236,41.88853,7100,0.0,0.0
2026-02-05 00:00:00-05:00,41.96743,43.18059,41.93785,42.5099,7800,0.0,0.0
2026-02-06 00:00:00-05:00,42.69857,42.69857,41.98362,41.98362,11100,0.29,0.0
2026-02-09 00:00:00-05:00,41.75523,41.99355,40.82182,41.38783,8300,0.0,0.0
2026-02-10 00:00:00-05:00,42.05313,42.05313,41.2786,41.2786,12200,0.0,0.0
2026-02-11 00:00:00-05:00,41.62614,41.87439,41.41761,41.41761,8400,0.0,0.0
2026-02-12 00:00:00-05:00,41.79495,41.79495,41.10979,41.75523,9100,0.0,0.0
2026-02-13 00:00:00-05:00,41.60628,42.11271,41.60628,41.78502,4900,0.0,0.0
2026-02-17 00:00:00-05:00,41.78502,42.03327,41.3481,41.38783,8300,0.0,0.0
2026-02-18 00:00:00-05:00,41.38783,41.91411,41.24881,41.24881,8000,0.0,0.0
2026-02-19 00:00:00-05:00,41.33818,41.6758,41.20909,41.6758,7600,0.0,0.0
2026-02-20 00:00:00-05:00,41.69566,41.98362,41.59636,41.59636,6200,0.0,0.0
2026-02-23 00:00:00-05:00,41.32825,41.58643,40.50407,40.50407,16200,0.0,0.0
2026-02-24 00:00:00-05:00,40.51399,40.51399,40.49413,40.49413,4400,0.0,0.0
2026-02-25 00:00:00-05:00,40.39484,40.97077,40.39484,40.97077,5200,0.0,0.0
2026-02-26 00:00:00-05:00,40.90126,41.23888,39.8189,40.84168,12800,0.0,0.0
2026-02-27 00:00:00-05:00,40.36505,40.71259,39.23304,39.23304,19900,0.0,0.0
2026-03-02 00:00:00-05:00,39.22311,40.40476,39.22311,39.80897,11900,0.0,0.0
2026-03-03 00:00:00-05:00,39.32241,40.39484,39.23304,39.83876,10600,0.0,0.0
2026-03-04 00:00:00-05:00,39.80897,40.6828,39.80897,40.28561,14800,0.0,0.0
2026-03-05 00:00:00-05:00,40.2161,40.2161,38.73654,39.521,10400,0.0,0.0
2026-03-06 00:00:00-05:00,38.77626,39.18339,38.30956,39.18339,17400,0.0,0.0
2026-03-09 00:00:00-04:00,38.60745,39.78911,37.62439,39.17346,15400,0.0,0.0
2026-03-10 00:00:00-04:00,39.08409,39.58059,38.52801,38.81598,13200,0.0,0.0
2026-03-11 00:00:00-04:00,38.56774,38.76633,38.25991,38.39893,8800,0.0,0.0
2026-03-12 00:00:00-04:00,37.85278,39.12381,37.63432,38.96493,11400,0.0,0.0
2026-03-13 00:00:00-04:00,39.65009,39.66995,37.74355,38.02159,13000,0.0,0.0
2026-03-16 00:00:00-04:00,38.02159,38.72661,37.68397,38.72661,8200,0.0,0.0
2026-03-17 00:00:00-04:00,38.29963,38.62732,38.03152,38.03152,15500,0.0,0.0
2026-03-18 00:00:00-04:00,37.56482,38.02159,37.23713,37.46552,18300,0.0,0.0
2026-03-19 00:00:00-04:00,37.53502,38.03152,37.24706,37.43573,10200,0.0,0.0
2026-03-20 00:00:00-04:00,37.43573,37.96201,36.40302,36.78035,37400,0.0,0.0
2026-03-23 00:00:00-04:00,37.46551,39.60044,37.46551,39.60044,15800,0.0,0.0
2026-03-24 00:00:00-04:00,39.08409,39.70968,38.27977,38.92521,11100,0.0,0.0
2026-03-25 00:00:00-04:00,39.38199,39.69974,38.42872,38.87556,10000,0.0,0.0
2026-03-26 00:00:00-04:00,38.68689,39.49122,38.41879,38.60746,5000,0.0,0.0
2026-03-27 00:00:00-04:00,38.25991,38.25991,37.1279,37.86271,12300,0.0,0.0
2026-03-30 00:00:00-04:00,37.86271,39.11388,37.86271,38.82591,13500,0.0,0.0
2026-03-31 00:00:00-04:00,39.39192,39.56073,38.01166,38.31949,11800,0.0,0.0
2026-04-01 00:00:00-04:00,38.18047,38.99472,37.37615,38.34928,10100,0.0,0.0
2026-04-02 00:00:00-04:00,38.10103,39.43164,38.10103,39.10395,9100,0.0,0.0
2026-04-06 00:00:00-04:00,38.79612,39.65009,37.39601,39.23304,6500,0.0,0.0
2026-04-07 00:00:00-04:00,39.39191,39.66002,38.78619,39.12381,12100,0.0,0.0
2026-04-08 00:00:00-04:00,39.95792,40.67287,39.69974,40.24589,16500,0.0,0.0
2026-04-09 00:00:00-04:00,39.86855,41.21902,39.86855,41.18923,16700,0.0,0.0
2026-04-10 00:00:00-04:00,40.97077,40.97077,40.14659,40.36505,5900,0.0,0.0
2026-04-13 00:00:00-04:00,40.30547,40.71259,40.18631,40.54379,12600,0.0,0.0
2026-04-14 00:00:00-04:00,40.24589,40.34519,40.0175,40.13666,6600,0.0,0.0
2026-04-15 00:00:00-04:00,40.04729,40.25582,39.51108,39.80897,7700,0.0,0.0
2026-04-16 00:00:00-04:00,39.53094,39.84869,39.23304,39.84869,8400,0.0,0.0
2026-04-17 00:00:00-04:00,40.28561,40.86154,40.28561,40.59344,8000,0.0,0.0
2026-04-20 00:00:00-04:00,41.46726,41.72544,41.33818,41.42755,13900,0.0,0.0
2026-04-21 00:00:00-04:00,41.23888,41.37789,41.11972,41.25874,13600,0.0,0.0
2026-04-22 00:00:00-04:00,40.90126,41.45734,40.90126,41.10979,37100,0.0,0.0
2026-04-23 00:00:00-04:00,41.21902,42.01341,40.71259,40.71259,82200,0.0,0.0
2026-04-24 00:00:00-04:00,40.43456,41.65594,40.39484,41.19916,6400,0.0,0.0
2026-04-27 00:00:00-04:00,40.97077,41.58643,40.76224,40.85161,39400,0.0,0.0
2026-04-28 00:00:00-04:00,40.85161,42.00348,40.85161,41.68572,11000,0.0,0.0
2026-04-29 00:00:00-04:00,41.24881,41.6758,40.69273,41.21902,8700,0.0,0.0
2026-04-30 00:00:00-04:00,40.76224,41.98362,40.35512,40.35512,7900,0.0,0.0
2026-05-01 00:00:00-04:00,40.29554,40.79203,40.29554,40.50407,10800,0.0,0.0
2026-05-04 00:00:00-04:00,40.29554,40.29554,39.22311,40.0175,11300,0.0,0.0
2026-05-05 00:00:00-04:00,40.2161,40.36505,40.2161,40.36505,6100,0.0,0.0
2026-05-06 00:00:00-04:00,40.35512,41.48712,40.28561,41.08,15100,0.0,0.0
2026-05-07 00:00:00-04:00,41.26,41.66,40.81,41.31,13500,0.29,0.0
2026-05-08 00:00:00-04:00,41.1,41.44,40.25,40.91,7800,0.0,0.0
2026-05-11 00:00:00-04:00,40.61,40.61,39.81,39.96,9900,0.0,0.0
2026-05-12 00:00:00-04:00,39.96,40.65,39.86,39.97,9900,0.0,0.0
2026-05-13 00:00:00-04:00,39.9,40.17,39.61,40.03,10500,0.0,0.0
2026-05-14 00:00:00-04:00,40.61,40.61,40.1,40.1,7600,0.0,0.0
2026-05-15 00:00:00-04:00,39.78,40.03,39.6,39.6,11800,0.0,0.0
2026-05-18 00:00:00-04:00,39.72,39.74,39.65,39.66,7100,0.0,0.0
2026-05-19 00:00:00-04:00,39.6,40.33,39.6,39.7,8400,0.0,0.0
2026-05-20 00:00:00-04:00,40.6,40.76,40.02,40.23,12300,0.0,0.0
2026-05-21 00:00:00-04:00,39.9,41.24,39.9,41.21,13200,0.0,0.0
2026-05-22 00:00:00-04:00,41.6,41.6,39.76,41.0,10900,0.0,0.0
2026-05-26 00:00:00-04:00,41.22,41.22,40.55,40.65,8300,0.0,0.0
2026-05-27 00:00:00-04:00,41.05,41.29,40.89,41.29,8400,0.0,0.0
2026-05-28 00:00:00-04:00,41.08,41.56,41.08,41.56,10000,0.0,0.0
2026-05-29 00:00:00-04:00,41.15,41.6,40.71,40.71,8200,0.0,0.0
2026-06-01 00:00:00-04:00,40.72,40.9,40.72,40.72,11900,0.0,0.0
2026-06-02 00:00:00-04:00,40.74,40.85,40.27,40.27,9500,0.0,0.0
2026-06-03 00:00:00-04:00,39.6,39.73,39.0,39.08,18600,0.0,0.0
2026-06-04 00:00:00-04:00,39.47,40.37,39.26,40.09,15100,0.0,0.0
2026-06-05 00:00:00-04:00,40.01,41.37,39.99,40.89,22000,0.0,0.0
2026-06-08 00:00:00-04:00,40.69,41.17,40.65,40.65,10600,0.0,0.0
2026-06-09 00:00:00-04:00,41.6,41.85,41.4,41.75,16900,0.0,0.0
2026-06-10 00:00:00-04:00,42.02,43.28,42.0,43.02,22600,0.0,0.0
2026-06-11 00:00:00-04:00,43.44,43.44,42.01,42.4,12800,0.0,0.0
2026-06-12 00:00:00-04:00,42.0,43.0,42.0,42.67,8500,0.0,0.0
2026-06-15 00:00:00-04:00,42.71,42.71,41.19,41.35,12300,0.0,0.0
2026-06-16 00:00:00-04:00,41.51,42.21,41.48,41.82,13200,0.0,0.0
2026-06-17 00:00:00-04:00,41.9,42.27,40.87,41.18,17600,0.0,0.0
2026-06-18 00:00:00-04:00,41.89,41.89,41.16,41.69,28900,0.0,0.0
2026-06-22 00:00:00-04:00,41.4,41.8,41.08,41.8,17500,0.0,0.0
2026-06-23 00:00:00-04:00,42.0,42.38,40.74,42.34,28100,0.0,0.0
2026-06-24 00:00:00-04:00,42.44,43.17,42.4,43.01,18900,0.0,0.0
2026-06-25 00:00:00-04:00,43.09,43.09,42.16,42.7,12900,0.0,0.0
2026-06-26 00:00:00-04:00,42.79,43.33,42.34,43.22,129600,0.0,0.0
2026-06-29 00:00:00-04:00,43.04,43.31,41.99,43.16,14200,0.0,0.0
2026-06-30 00:00:00-04:00,42.83,43.4,42.83,43.4,13100,0.0,0.0
2026-07-01 00:00:00-04:00,43.5,44.89,43.5,44.34,16700,0.0,0.0
2026-07-02 00:00:00-04:00,44.76,44.79,43.78,43.92,24400,0.0,0.0
2026-07-06 00:00:00-04:00,43.6,44.07,41.87,44.07,22700,0.0,0.0
2026-07-07 00:00:00-04:00,44.07,44.16,42.88,42.88,12100,0.0,0.0
2026-07-08 00:00:00-04:00,41.0,43.86,41.0,42.68,21400,0.0,0.0
2026-07-09 00:00:00-04:00,42.75,42.75,42.47,42.71,5100,0.0,0.0
2026-07-10 00:00:00-04:00,43.32,43.34,42.79,43.13,12800,0.0,0.0
2026-07-13 00:00:00-04:00,43.69,43.98,42.6,42.92,15600,0.0,0.0
2026-07-14 00:00:00-04:00,43.32,44.2,43.22,43.26,11000,0.0,0.0
2026-07-15 00:00:00-04:00,44.38,44.48,43.21,43.47,18700,0.0,0.0
2026-07-16 00:00:00-04:00,43.5,45.44,43.5,45.27,24400,0.0,0.0
2026-07-17 00:00:00-04:00,44.85,45.85,43.7,44.03,15500,0.0,0.0
2026-07-20 00:00:00-04:00,43.51,43.57,42.75,43.02,9600,0.0,0.0
2026-07-21 00:00:00-04:00,42.44,44.05,42.44,44.04,36500,0.0,0.0
2026-07-22 00:00:00-04:00,42.29,42.7,42.29,42.64,1582,0.0,0.0
